n02085620_10621.jpg.jpg 1 260 118 98 97
n02085620_1073.jpg.jpg 1 274 169 367 329
n02085620_11140.jpg.jpg 1 526 166 118 130
n02085620_11258.jpg.jpg 1 280 256 266 239
n02085620_11477.jpg.jpg 1 307 122 109 107
n02085620_11696.jpg.jpg 1 195 161 190 198
n02085620_11818.jpg.jpg 1 381 249 141 130
n02085620_1205.jpg.jpg 1 191 53 173 169
n02085620_12101.jpg.jpg 1 219 149 250 211
n02085620_12334.jpg.jpg 1 425 510 170 171
n02085620_1235.jpg.jpg 1 326 181 75 75
n02085620_1271.jpg.jpg 1 220 137 236 243
n02085620_1298.jpg.jpg 1 532 207 107 136
n02085620_1321.jpg.jpg 1 246 135 108 122
n02085620_13383.jpg.jpg 1 371 360 66 94
n02085620_1346.jpg.jpg 1 113 117 192 204
n02085620_14252.jpg.jpg 1 316 226 122 108
n02085620_1455.jpg.jpg 1 213 520 253 271
n02085620_1492.jpg.jpg 1 113 196 106 115
n02085620_1502.jpg.jpg 1 321 146 170 163
n02085620_1558.jpg.jpg 1 274 236 332 306
n02085620_1569.jpg.jpg 1 76 173 171 160
n02085620_1617.jpg.jpg 1 93 272 189 175
n02085620_1620.jpg.jpg 1 279 159 213 252
n02085620_1765.jpg.jpg 1 194 463 285 298
n02085620_1816.jpg.jpg 1 146 100 137 137
n02085620_1862.jpg.jpg 1 318 209 118 103
n02085620_1916.jpg.jpg 1 138 117 219 214
n02085620_199.jpg.jpg 1 188 243 252 241
n02085620_2053.jpg.jpg 1 261 140 166 180
n02085620_2188.jpg.jpg 1 230 372 317 357
n02085620_2208.jpg.jpg 1 270 234 49 62
n02085620_242.jpg.jpg 1 277 240 213 231
n02085620_2479.jpg.jpg 1 426 109 127 123
n02085620_2507.jpg.jpg 1 188 82 151 141
n02085620_2517.jpg.jpg 1 260 154 126 139
n02085620_2590.jpg.jpg 1 347 171 113 116
n02085620_2614.jpg.jpg 1 219 145 177 159
n02085620_2650.jpg.jpg 1 249 189 176 181
n02085620_2693.jpg.jpg 1 296 217 140 138
n02085620_2706.jpg.jpg 1 280 172 143 141
n02085620_275.jpg.jpg 1 255 88 99 71
n02085620_2793.jpg.jpg 1 93 92 202 233
n02085620_2815.jpg.jpg 1 274 205 299 335
n02085620_2887.jpg.jpg 1 288 179 218 217
n02085620_2921.jpg.jpg 1 406 142 174 166
n02085620_2937.jpg.jpg 1 345 104 125 126
n02085620_3006.jpg.jpg 1 292 162 225 196
n02085620_3045.jpg.jpg 1 220 211 123 127
n02085620_3093.jpg.jpg 1 349 493 194 141
n02085620_3208.jpg.jpg 1 125 27 264 276
n02085620_326.jpg.jpg 1 176 411 324 314
n02085620_3402.jpg.jpg 1 486 298 125 132
n02085620_3407.jpg.jpg 1 200 235 293 226
n02085620_3423.jpg.jpg 1 283 215 189 165
n02085620_3488.jpg.jpg 1 392 222 140 146
n02085620_3651.jpg.jpg 1 296 355 85 79
n02085620_3677.jpg.jpg 1 216 91 117 112
n02085620_368.jpg.jpg 1 288 102 165 142
n02085620_3681.jpg.jpg 1 260 214 222 207
n02085620_3742.jpg.jpg 1 143 84 210 227
n02085620_3763.jpg.jpg 1 128 236 365 335
n02085620_382.jpg.jpg 1 230 91 151 144
n02085620_3826.jpg.jpg 1 262 171 241 236
n02085620_3838.jpg.jpg 1 129 109 135 141
n02085620_3875.jpg.jpg 1 261 102 162 142
n02085620_3877.jpg.jpg 1 178 288 416 350
n02085620_3928.jpg.jpg 1 225 142 201 187
n02085620_3942.jpg.jpg 1 352 223 329 332
n02085620_3975.jpg.jpg 1 137 326 297 269
n02085620_4159.jpg.jpg 1 292 189 103 99
n02085620_4266.jpg.jpg 1 75 162 171 161
n02085620_431.jpg.jpg 1 281 259 129 123
n02085620_4441.jpg.jpg 1 261 262 180 175
n02085620_4572.jpg.jpg 1 147 253 129 122
n02085620_4602.jpg.jpg 1 311 116 107 109
n02085620_4700.jpg.jpg 1 231 286 324 326
n02085620_477.jpg.jpg 1 351 203 225 212
n02085620_4814.jpg.jpg 1 139 163 226 219
n02085620_4875.jpg.jpg 1 123 142 309 292
n02085620_4919.jpg.jpg 1 125 261 274 245
n02085620_4951.jpg.jpg 1 283 232 275 287
n02085620_4998.jpg.jpg 1 246 236 84 90
n02085620_500.jpg.jpg 1 377 219 146 147
n02085620_5093.jpg.jpg 1 191 448 247 245
n02085620_5496.jpg.jpg 1 183 114 240 230
n02085620_5713.jpg.jpg 1 219 155 156 167
n02085620_574.jpg.jpg 1 200 175 246 232
n02085620_5771.jpg.jpg 1 373 645 126 129
n02085620_588.jpg.jpg 1 223 526 274 285
n02085620_6295.jpg.jpg 1 193 523 194 183
n02085620_6399.jpg.jpg 1 294 181 98 105
n02085620_7.jpg.jpg 1 273 96 151 157
n02085620_712.jpg.jpg 1 164 204 267 236
n02085620_7292.jpg.jpg 1 267 99 147 165
n02085620_735.jpg.jpg 1 342 292 173 172
n02085620_7440.jpg.jpg 1 479 84 215 201
n02085620_7613.jpg.jpg 1 303 198 194 184
n02085620_7700.jpg.jpg 1 165 185 346 345
n02085620_7738.jpg.jpg 1 235 207 176 171
n02085620_806.jpg.jpg 1 363 289 64 83
n02085620_8420.jpg.jpg 1 342 131 89 97
n02085620_8491.jpg.jpg 1 354 183 224 201
n02085620_8558.jpg.jpg 1 179 172 113 103
n02085620_8578.jpg.jpg 1 375 113 116 117
n02085620_8585.jpg.jpg 1 275 175 199 223
n02085620_8611.jpg.jpg 1 378 282 206 212
n02085620_9351.jpg.jpg 1 187 80 168 164
n02085620_9399.jpg.jpg 1 204 214 97 94
n02085620_949.jpg.jpg 1 443 118 192 162
n02085620_952.jpg.jpg 1 209 195 289 264
n02085782_1039.jpg.jpg 1 309 68 201 184
n02085782_1058.jpg.jpg 1 404 180 113 114
n02085782_1191.jpg.jpg 1 291 125 211 180
n02085782_1224.jpg.jpg 1 125 102 233 214
n02085782_126.jpg.jpg 1 119 72 157 143
n02085782_1267.jpg.jpg 1 89 74 161 153
n02085782_1348.jpg.jpg 1 348 149 121 132
n02085782_1350.jpg.jpg 1 306 69 110 101
n02085782_1425.jpg.jpg 1 80 46 206 200
n02085782_1460.jpg.jpg 1 206 109 289 238
n02085782_1521.jpg.jpg 1 503 47 187 196
n02085782_1528.jpg.jpg 1 237 75 183 169
n02085782_1610.jpg.jpg 1 97 103 196 164
n02085782_1691.jpg.jpg 1 444 371 175 183
n02085782_17.jpg.jpg 1 133 205 158 160
n02085782_1724.jpg.jpg 1 251 87 305 277
n02085782_1731.jpg.jpg 1 81 88 171 166
n02085782_1750.jpg.jpg 1 167 100 125 125
n02085782_1764.jpg.jpg 1 128 70 180 170
n02085782_1848.jpg.jpg 1 197 133 275 289
n02085782_1929.jpg.jpg 1 223 76 173 165
n02085782_2.jpg.jpg 1 162 82 147 152
n02085782_2118.jpg.jpg 1 269 170 202 224
n02085782_2128.jpg.jpg 1 276 153 182 166
n02085782_2182.jpg.jpg 1 49 70 119 91
n02085782_2255.jpg.jpg 1 163 90 154 152
n02085782_2269.jpg.jpg 1 280 92 144 134
n02085782_23.jpg.jpg 1 227 110 153 139
n02085782_230.jpg.jpg 1 294 253 252 212
n02085782_2323.jpg.jpg 1 88 95 151 140
n02085782_2345.jpg.jpg 1 218 125 341 322
n02085782_2354.jpg.jpg 1 290 95 145 156
n02085782_2459.jpg.jpg 1 140 112 262 235
n02085782_2549.jpg.jpg 1 114 84 368 325
n02085782_2635.jpg.jpg 1 318 108 127 139
n02085782_2655.jpg.jpg 1 60 16 204 214
n02085782_2690.jpg.jpg 1 257 148 340 333
n02085782_2715.jpg.jpg 1 190 131 221 224
n02085782_2762.jpg.jpg 1 137 172 157 152
n02085782_2939.jpg.jpg 1 211 86 188 202
n02085782_2978.jpg.jpg 1 166 90 138 148
n02085782_309.jpg.jpg 1 92 91 229 227
n02085782_313.jpg.jpg 1 70 45 209 209
n02085782_3331.jpg.jpg 1 423 191 133 110
n02085782_3387.jpg.jpg 1 123 86 196 166
n02085782_3404.jpg.jpg 1 148 90 186 176
n02085782_3720.jpg.jpg 1 144 48 167 161
n02085782_3744.jpg.jpg 1 263 234 329 296
n02085782_38.jpg.jpg 1 249 59 286 232
n02085782_381.jpg.jpg 1 288 67 203 209
n02085782_382.jpg.jpg 1 538 35 168 204
n02085782_3855.jpg.jpg 1 118 92 265 224
n02085782_3889.jpg.jpg 1 98 24 184 161
n02085782_3899.jpg.jpg 1 297 432 297 244
n02085782_3979.jpg.jpg 1 222 167 141 164
n02085782_4042.jpg.jpg 1 30 30 194 214
n02085782_4269.jpg.jpg 1 399 70 176 187
n02085782_4294.jpg.jpg 1 77 50 196 187
n02085782_435.jpg.jpg 1 293 167 282 246
n02085782_4351.jpg.jpg 1 170 120 262 226
n02085782_4511.jpg.jpg 1 84 36 203 185
n02085782_4564.jpg.jpg 1 161 83 262 225
n02085782_4780.jpg.jpg 1 309 269 197 201
n02085782_518.jpg.jpg 1 169 82 425 393
n02085782_593.jpg.jpg 1 106 105 211 185
n02085782_626.jpg.jpg 1 185 146 423 388
n02085782_665.jpg.jpg 1 371 61 133 129
n02085782_668.jpg.jpg 1 156 107 307 264
n02085782_697.jpg.jpg 1 321 234 168 168
n02085782_845.jpg.jpg 1 97 469 218 219
n02085782_866.jpg.jpg 1 439 138 238 230
n02085782_919.jpg.jpg 1 554 177 149 170
n02085782_962.jpg.jpg 1 428 120 194 202
n02085936_10073.jpg.jpg 1 255 94 303 288
n02085936_11653.jpg.jpg 1 272 53 242 236
n02085936_1244.jpg.jpg 1 319 143 161 168
n02085936_126.jpg.jpg 1 301 463 306 269
n02085936_1424.jpg.jpg 1 256 216 96 91
n02085936_1556.jpg.jpg 1 270 160 170 153
n02085936_17059.jpg.jpg 1 147 48 341 334
n02085936_1739.jpg.jpg 1 143 161 395 402
n02085936_20076.jpg.jpg 1 129 127 372 360
n02085936_2135.jpg.jpg 1 321 214 93 80
n02085936_2203.jpg.jpg 1 120 123 275 274
n02085936_22127.jpg.jpg 1 312 100 312 318
n02085936_233.jpg.jpg 1 165 156 362 327
n02085936_2422.jpg.jpg 1 335 106 254 241
n02085936_2458.jpg.jpg 1 138 175 343 330
n02085936_2693.jpg.jpg 1 132 312 357 342
n02085936_2976.jpg.jpg 1 55 77 156 163
n02085936_3239.jpg.jpg 1 195 168 210 214
n02085936_338.jpg.jpg 1 328 230 189 184
n02085936_3698.jpg.jpg 1 228 123 249 237
n02085936_37.jpg.jpg 1 228 79 221 206
n02085936_4004.jpg.jpg 1 144 132 436 429
n02085936_4188.jpg.jpg 1 344 57 169 172
n02085936_420.jpg.jpg 1 67 169 391 335
n02085936_4343.jpg.jpg 1 234 71 213 230
n02085936_4396.jpg.jpg 1 163 27 323 308
n02085936_4506.jpg.jpg 1 258 103 204 185
n02085936_461.jpg.jpg 1 194 76 248 231
n02085936_5023.jpg.jpg 1 282 47 276 256
n02085936_517.jpg.jpg 1 226 104 312 306
n02085936_5404.jpg.jpg 1 172 100 375 357
n02085936_544.jpg.jpg 1 287 153 165 176
n02085936_5545.jpg.jpg 1 247 90 282 250
n02085936_6464.jpg.jpg 1 422 146 169 165
n02085936_66.jpg.jpg 1 288 136 253 228
n02085936_6650.jpg.jpg 1 257 29 237 236
n02085936_6746.jpg.jpg 1 337 117 151 161
n02085936_6942.jpg.jpg 1 341 180 124 136
n02085936_7172.jpg.jpg 1 107 63 278 269
n02085936_719.jpg.jpg 1 237 86 154 170
n02085936_7311.jpg.jpg 1 230 151 366 396
n02085936_7345.jpg.jpg 1 260 269 205 195
n02085936_7442.jpg.jpg 1 225 104 139 138
n02085936_7465.jpg.jpg 1 203 91 247 246
n02085936_7537.jpg.jpg 1 287 323 285 247
n02085936_771.jpg.jpg 1 172 332 232 245
n02085936_7755.jpg.jpg 1 125 260 432 438
n02085936_7865.jpg.jpg 1 399 86 166 159
n02085936_7941.jpg.jpg 1 209 71 260 239
n02085936_804.jpg.jpg 1 346 77 167 165
n02085936_807.jpg.jpg 1 148 99 225 202
n02085936_8224.jpg.jpg 1 298 72 267 260
n02085936_8350.jpg.jpg 1 310 138 178 183
n02085936_8417.jpg.jpg 1 129 230 535 528
n02085936_8447.jpg.jpg 1 66 89 354 360
n02085936_850.jpg.jpg 1 335 114 191 183
n02085936_8507.jpg.jpg 1 217 260 195 178
n02085936_851.jpg.jpg 1 192 80 330 310
n02085936_8658.jpg.jpg 1 443 394 261 286
n02085936_8767.jpg.jpg 1 270 103 165 151
n02085936_8867.jpg.jpg 1 288 78 145 126
n02085936_8900.jpg.jpg 1 233 85 219 223
n02085936_9088.jpg.jpg 1 185 335 142 159
n02085936_9310.jpg.jpg 1 228 80 313 307
n02085936_9590.jpg.jpg 1 515 208 205 223
n02086079_10615.jpg.jpg 1 246 164 206 199
n02086079_11420.jpg.jpg 1 354 275 222 200
n02086079_11511.jpg.jpg 1 217 137 139 134
n02086079_11664.jpg.jpg 1 92 58 245 233
n02086079_11679.jpg.jpg 1 225 108 202 191
n02086079_13647.jpg.jpg 1 319 127 126 132
n02086079_1451.jpg.jpg 1 231 171 199 177
n02086079_155.jpg.jpg 1 218 152 89 85
n02086079_16313.jpg.jpg 1 78 91 159 142
n02086079_1820.jpg.jpg 1 250 81 305 274
n02086079_20762.jpg.jpg 1 416 93 165 163
n02086079_2793.jpg.jpg 1 211 335 316 299
n02086079_4355.jpg.jpg 1 281 135 108 101
n02086079_499.jpg.jpg 1 171 55 386 376
n02086079_5106.jpg.jpg 1 258 32 252 225
n02086079_5125.jpg.jpg 1 260 65 111 116
n02086079_5766.jpg.jpg 1 322 137 261 267
n02086079_6956.jpg.jpg 1 228 45 213 202
n02086079_7068.jpg.jpg 1 117 151 376 320
n02086079_8826.jpg.jpg 1 214 79 227 221
n02086079_8902.jpg.jpg 1 263 25 266 282
n02086079_9151.jpg.jpg 1 255 124 122 113
n02086240_110.jpg.jpg 1 117 136 228 216
n02086240_11622.jpg.jpg 1 223 116 187 186
n02086240_11692.jpg.jpg 1 475 91 173 177
n02086240_12315.jpg.jpg 1 149 47 237 232
n02086240_12342.jpg.jpg 1 301 91 343 373
n02086240_1267.jpg.jpg 1 230 132 169 160
n02086240_134.jpg.jpg 1 171 35 168 165
n02086240_135.jpg.jpg 1 347 103 181 161
n02086240_1770.jpg.jpg 1 186 163 250 234
n02086240_1779.jpg.jpg 1 347 195 175 168
n02086240_2077.jpg.jpg 1 159 149 485 466
n02086240_2705.jpg.jpg 1 146 112 185 171
n02086240_2710.jpg.jpg 1 189 130 172 156
n02086240_272.jpg.jpg 1 217 309 122 114
n02086240_323.jpg.jpg 1 263 150 190 177
n02086240_34.jpg.jpg 1 212 113 258 249
n02086240_3489.jpg.jpg 1 277 388 295 297
n02086240_3827.jpg.jpg 1 215 85 123 120
n02086240_3921.jpg.jpg 1 266 151 280 265
n02086240_4013.jpg.jpg 1 241 52 256 238
n02086240_4252.jpg.jpg 1 149 53 137 132
n02086240_457.jpg.jpg 1 178 98 93 93
n02086240_4751.jpg.jpg 1 231 135 304 304
n02086240_5042.jpg.jpg 1 268 326 339 294
n02086240_5140.jpg.jpg 1 308 85 210 168
n02086240_5316.jpg.jpg 1 232 101 255 227
n02086240_5703.jpg.jpg 1 140 249 310 310
n02086240_5957.jpg.jpg 1 198 161 117 125
n02086240_6032.jpg.jpg 1 431 302 175 192
n02086240_61.jpg.jpg 1 133 106 454 472
n02086240_6322.jpg.jpg 1 284 98 242 225
n02086240_6477.jpg.jpg 1 245 209 363 348
n02086240_6585.jpg.jpg 1 141 79 283 266
n02086240_6833.jpg.jpg 1 75 97 317 302
n02086240_6871.jpg.jpg 1 242 107 325 287
n02086240_6882.jpg.jpg 1 230 131 257 240
n02086240_6898.jpg.jpg 1 232 101 246 260
n02086240_6924.jpg.jpg 1 118 186 226 227
n02086240_6992.jpg.jpg 1 63 24 241 216
n02086240_7100.jpg.jpg 1 162 63 447 434
n02086240_7266.jpg.jpg 1 168 136 343 313
n02086240_7349.jpg.jpg 1 54 79 206 215
n02086240_7404.jpg.jpg 1 249 106 160 164
n02086240_7728.jpg.jpg 1 141 15 392 366
n02086240_788.jpg.jpg 1 220 394 235 218
n02086240_8017.jpg.jpg 1 289 195 112 115
n02086240_8108.jpg.jpg 1 155 120 191 191
n02086240_963.jpg.jpg 1 49 71 464 439
n02086646_1182.jpg.jpg 1 334 147 192 198
n02086646_1234.jpg.jpg 1 308 46 209 186
n02086646_1445.jpg.jpg 1 287 140 105 97
n02086646_1590.jpg.jpg 1 378 137 113 134
n02086646_2155.jpg.jpg 1 190 288 303 290
n02086646_2366.jpg.jpg 1 209 268 237 208
n02086646_2426.jpg.jpg 1 266 33 305 301
n02086646_303.jpg.jpg 1 347 96 121 109
n02086646_3059.jpg.jpg 1 136 43 401 374
n02086646_3680.jpg.jpg 1 347 58 223 209
n02086646_3766.jpg.jpg 1 109 76 428 450
n02086646_3806.jpg.jpg 1 225 325 242 262
n02086646_3986.jpg.jpg 1 222 119 183 162
n02086646_422.jpg.jpg 1 299 145 85 97
n02086646_602.jpg.jpg 1 47 23 324 314
n02086910_10147.jpg.jpg 1 70 122 182 182
n02086910_10204.jpg.jpg 1 156 76 280 285
n02086910_1052.jpg.jpg 1 392 95 174 158
n02086910_1409.jpg.jpg 1 321 525 264 268
n02086910_1449.jpg.jpg 1 204 178 425 412
n02086910_1475.jpg.jpg 1 266 101 363 352
n02086910_1501.jpg.jpg 1 212 79 227 224
n02086910_1613.jpg.jpg 1 430 63 214 216
n02086910_1626.jpg.jpg 1 253 123 116 116
n02086910_1659.jpg.jpg 1 151 389 260 249
n02086910_1729.jpg.jpg 1 192 123 192 177
n02086910_1775.jpg.jpg 1 161 234 430 389
n02086910_1826.jpg.jpg 1 292 80 268 239
n02086910_2035.jpg.jpg 1 179 227 334 281
n02086910_21.jpg.jpg 1 381 135 177 163
n02086910_2235.jpg.jpg 1 118 95 272 255
n02086910_2240.jpg.jpg 1 411 164 273 274
n02086910_2335.jpg.jpg 1 399 273 149 133
n02086910_2399.jpg.jpg 1 261 324 100 98
n02086910_2410.jpg.jpg 1 156 82 164 161
n02086910_2455.jpg.jpg 1 191 136 314 328
n02086910_2466.jpg.jpg 1 137 316 439 431
n02086910_2474.jpg.jpg 1 231 135 315 342
n02086910_2574.jpg.jpg 1 257 83 233 219
n02086910_2670.jpg.jpg 1 95 98 230 209
n02086910_2671.jpg.jpg 1 395 324 194 192
n02086910_2724.jpg.jpg 1 100 69 152 142
n02086910_2900.jpg.jpg 1 144 110 162 161
n02086910_2994.jpg.jpg 1 48 104 274 232
n02086910_3117.jpg.jpg 1 134 199 286 309
n02086910_3262.jpg.jpg 1 266 252 266 264
n02086910_3320.jpg.jpg 1 182 128 293 258
n02086910_334.jpg.jpg 1 226 80 128 135
n02086910_3553.jpg.jpg 1 166 123 155 176
n02086910_3616.jpg.jpg 1 275 112 232 220
n02086910_3633.jpg.jpg 1 134 91 175 170
n02086910_3866.jpg.jpg 1 213 115 268 241
n02086910_3924.jpg.jpg 1 234 153 182 195
n02086910_4182.jpg.jpg 1 367 110 209 187
n02086910_4210.jpg.jpg 1 205 154 180 168
n02086910_4424.jpg.jpg 1 167 122 219 227
n02086910_4441.jpg.jpg 1 417 161 201 204
n02086910_4505.jpg.jpg 1 198 309 233 212
n02086910_4518.jpg.jpg 1 283 337 262 270
n02086910_4542.jpg.jpg 1 45 141 269 240
n02086910_4551.jpg.jpg 1 190 104 150 148
n02086910_4607.jpg.jpg 1 155 150 423 405
n02086910_4609.jpg.jpg 1 370 177 158 190
n02086910_4883.jpg.jpg 1 412 236 137 148
n02086910_5010.jpg.jpg 1 511 170 208 248
n02086910_5023.jpg.jpg 1 162 269 375 355
n02086910_5031.jpg.jpg 1 297 187 153 164
n02086910_5396.jpg.jpg 1 248 139 305 272
n02086910_5530.jpg.jpg 1 237 261 177 169
n02086910_5547.jpg.jpg 1 291 283 216 213
n02086910_557.jpg.jpg 1 301 119 90 88
n02086910_5598.jpg.jpg 1 219 119 305 311
n02086910_5707.jpg.jpg 1 275 266 132 142
n02086910_592.jpg.jpg 1 446 105 149 153
n02086910_5932.jpg.jpg 1 73 291 450 457
n02086910_5995.jpg.jpg 1 387 108 200 190
n02086910_6207.jpg.jpg 1 424 130 158 160
n02086910_6293.jpg.jpg 1 422 94 177 164
n02086910_6317.jpg.jpg 1 0 0 720 540
n02086910_6475.jpg.jpg 1 120 223 290 296
n02086910_6509.jpg.jpg 1 165 154 299 304
n02086910_6682.jpg.jpg 1 350 69 155 160
n02086910_7321.jpg.jpg 1 162 222 275 294
n02086910_7405.jpg.jpg 1 158 173 244 229
n02086910_7514.jpg.jpg 1 381 163 240 234
n02086910_7516.jpg.jpg 1 244 195 271 284
n02086910_7606.jpg.jpg 1 283 133 229 204
n02086910_7698.jpg.jpg 1 410 159 232 229
n02086910_7752.jpg.jpg 1 146 127 163 170
n02086910_7837.jpg.jpg 1 395 172 169 166
n02086910_7868.jpg.jpg 1 372 127 182 193
n02086910_7909.jpg.jpg 1 301 110 134 127
n02086910_797.jpg.jpg 1 230 78 244 249
n02086910_7999.jpg.jpg 1 247 75 190 167
n02086910_8047.jpg.jpg 1 188 247 314 327
n02086910_8194.jpg.jpg 1 355 172 189 170
n02086910_8241.jpg.jpg 1 164 315 341 304
n02086910_847.jpg.jpg 1 270 256 95 113
n02086910_8590.jpg.jpg 1 202 77 162 184
n02086910_8613.jpg.jpg 1 89 171 231 226
n02086910_865.jpg.jpg 1 250 242 254 236
n02086910_881.jpg.jpg 1 423 110 131 124
n02086910_8872.jpg.jpg 1 210 131 154 136
n02086910_9056.jpg.jpg 1 316 258 130 128
n02086910_9128.jpg.jpg 1 446 73 183 169
n02086910_9296.jpg.jpg 1 253 111 260 233
n02086910_9527.jpg.jpg 1 217 155 248 286
n02087046_1206.jpg.jpg 1 185 212 277 273
n02087046_133.jpg.jpg 1 185 259 415 395
n02087046_1386.jpg.jpg 1 276 159 330 277
n02087046_1482.jpg.jpg 1 337 186 154 137
n02087046_1520.jpg.jpg 1 234 86 234 214
n02087046_2141.jpg.jpg 1 0 0 720 960
n02087046_217.jpg.jpg 1 131 108 304 248
n02087046_309.jpg.jpg 1 65 176 244 237
n02087046_336.jpg.jpg 1 159 144 365 323
n02087046_3543.jpg.jpg 1 73 98 323 313
n02087046_3560.jpg.jpg 1 45 202 509 533
n02087046_357.jpg.jpg 1 418 134 180 197
n02087046_4066.jpg.jpg 1 221 104 352 312
n02087046_4129.jpg.jpg 1 235 115 214 190
n02087046_4135.jpg.jpg 1 329 131 204 171
n02087046_4155.jpg.jpg 1 257 190 258 238
n02087046_420.jpg.jpg 1 76 89 347 312
n02087046_4235.jpg.jpg 1 325 133 160 152
n02087046_4338.jpg.jpg 1 196 162 360 347
n02087046_4394.jpg.jpg 1 144 124 181 195
n02087046_4401.jpg.jpg 1 215 389 361 327
n02087046_4409.jpg.jpg 1 459 34 216 215
n02087046_4506.jpg.jpg 1 103 105 196 194
n02087046_4808.jpg.jpg 1 230 153 345 325
n02087046_4832.jpg.jpg 1 134 179 282 310
n02087046_5499.jpg.jpg 1 319 111 265 266
n02087046_5541.jpg.jpg 1 202 185 224 212
n02087046_568.jpg.jpg 1 275 205 297 261
n02087046_5756.jpg.jpg 1 397 318 211 213
n02087046_6003.jpg.jpg 1 17 105 295 277
n02087046_6029.jpg.jpg 1 74 95 313 327
n02087046_6152.jpg.jpg 1 284 207 163 170
n02087046_6166.jpg.jpg 1 244 86 151 151
n02087046_6857.jpg.jpg 1 283 199 269 272
n02087046_693.jpg.jpg 1 188 117 157 159
n02087046_8379.jpg.jpg 1 339 123 140 128
n02087046_924.jpg.jpg 1 95 116 161 161
n02087394_10351.jpg.jpg 1 244 213 304 304
n02087394_10591.jpg.jpg 1 537 28 150 142
n02087394_1964.jpg.jpg 1 405 232 260 278
n02087394_2364.jpg.jpg 1 309 216 159 171
n02087394_2445.jpg.jpg 1 202 195 318 335
n02087394_3619.jpg.jpg 1 428 390 168 170
n02087394_4931.jpg.jpg 1 142 85 381 362
n02087394_531.jpg.jpg 1 273 56 178 171
n02087394_5578.jpg.jpg 1 111 214 51 56
n02087394_6039.jpg.jpg 1 166 221 180 156
n02087394_6863.jpg.jpg 1 334 137 180 185
n02087394_7254.jpg.jpg 1 84 24 164 146
n02087394_7263.jpg.jpg 1 395 181 266 243
n02087394_7480.jpg.jpg 1 243 208 171 168
n02087394_7724.jpg.jpg 1 320 166 91 96
n02087394_7875.jpg.jpg 1 162 162 94 87
n02087394_831.jpg.jpg 1 59 31 173 152
n02087394_8339.jpg.jpg 1 388 145 257 300
n02087394_8570.jpg.jpg 1 256 123 223 207
n02087394_8868.jpg.jpg 1 234 45 259 255
n02088094_1003.jpg.jpg 1 103 75 306 290
n02088094_1007.jpg.jpg 1 347 112 182 166
n02088094_10263.jpg.jpg 1 31 220 183 162
n02088094_10822.jpg.jpg 1 173 115 156 133
n02088094_11182.jpg.jpg 1 308 101 122 148
n02088094_1128.jpg.jpg 1 257 102 194 185
n02088094_1145.jpg.jpg 1 281 236 326 292
n02088094_1167.jpg.jpg 1 220 97 186 191
n02088094_1186.jpg.jpg 1 516 269 130 132
n02088094_1254.jpg.jpg 1 218 551 171 184
n02088094_1270.jpg.jpg 1 313 157 118 112
n02088094_13442.jpg.jpg 1 325 373 110 97
n02088094_13502.jpg.jpg 1 296 148 180 168
n02088094_1479.jpg.jpg 1 255 106 316 352
n02088094_1534.jpg.jpg 1 169 94 183 190
n02088094_1841.jpg.jpg 1 209 65 143 150
n02088094_1917.jpg.jpg 1 300 328 179 158
n02088094_2173.jpg.jpg 1 296 301 250 258
n02088094_2738.jpg.jpg 1 211 98 311 328
n02088094_3059.jpg.jpg 1 196 137 180 185
n02088094_3159.jpg.jpg 1 106 53 343 315
n02088094_3396.jpg.jpg 1 148 170 371 348
n02088094_342.jpg.jpg 1 160 143 142 153
n02088094_3500.jpg.jpg 1 188 142 114 128
n02088094_357.jpg.jpg 1 290 157 188 183
n02088094_3620.jpg.jpg 1 307 376 130 139
n02088094_3630.jpg.jpg 1 226 361 309 281
n02088094_3836.jpg.jpg 1 359 168 171 163
n02088094_392.jpg.jpg 1 42 198 315 323
n02088094_3937.jpg.jpg 1 111 23 248 225
n02088094_3989.jpg.jpg 1 301 133 129 147
n02088094_4143.jpg.jpg 1 155 108 429 477
n02088094_4307.jpg.jpg 1 178 12 510 494
n02088094_4310.jpg.jpg 1 315 32 357 349
n02088094_4352.jpg.jpg 1 304 68 236 218
n02088094_4396.jpg.jpg 1 341 43 240 256
n02088094_4768.jpg.jpg 1 148 406 141 139
n02088094_4870.jpg.jpg 1 275 258 185 197
n02088094_5150.jpg.jpg 1 225 183 314 275
n02088094_537.jpg.jpg 1 349 417 150 127
n02088094_5381.jpg.jpg 1 118 52 174 178
n02088094_5413.jpg.jpg 1 207 30 206 182
n02088094_5504.jpg.jpg 1 488 203 111 137
n02088094_5939.jpg.jpg 1 436 357 228 239
n02088094_60.jpg.jpg 1 9 164 475 535
n02088094_6485.jpg.jpg 1 195 116 221 219
n02088094_649.jpg.jpg 1 248 63 220 222
n02088094_732.jpg.jpg 1 170 26 252 267
n02088094_8631.jpg.jpg 1 577 101 132 126
n02088094_8682.jpg.jpg 1 322 401 130 127
n02088094_907.jpg.jpg 1 29 70 469 567
n02088238_10054.jpg.jpg 1 241 294 146 160
n02088238_10102.jpg.jpg 1 163 16 530 535
n02088238_10113.jpg.jpg 1 140 188 411 386
n02088238_10183.jpg.jpg 1 365 110 162 172
n02088238_10358.jpg.jpg 1 265 88 257 280
n02088238_10592.jpg.jpg 1 222 302 253 278
n02088238_10932.jpg.jpg 1 409 119 138 124
n02088238_11204.jpg.jpg 1 403 141 172 184
n02088238_11339.jpg.jpg 1 381 76 297 342
n02088238_11846.jpg.jpg 1 149 50 390 416
n02088238_11917.jpg.jpg 1 237 131 169 181
n02088238_12293.jpg.jpg 1 305 30 285 331
n02088238_12427.jpg.jpg 1 220 181 306 319
n02088238_12966.jpg.jpg 1 110 39 351 413
n02088238_13199.jpg.jpg 1 94 185 539 617
n02088238_13439.jpg.jpg 1 209 39 313 348
n02088238_13608.jpg.jpg 1 143 61 181 176
n02088238_13720.jpg.jpg 1 224 70 301 310
n02088238_2574.jpg.jpg 1 261 136 186 167
n02088238_3066.jpg.jpg 1 175 30 215 251
n02088238_363.jpg.jpg 1 311 19 351 401
n02088238_490.jpg.jpg 1 268 129 163 165
n02088238_5441.jpg.jpg 1 269 169 155 190
n02088238_600.jpg.jpg 1 202 93 200 182
n02088238_6035.jpg.jpg 1 103 4 271 278
n02088238_6532.jpg.jpg 1 202 15 326 355
n02088238_6621.jpg.jpg 1 292 416 389 441
n02088238_664.jpg.jpg 1 365 232 87 83
n02088238_665.jpg.jpg 1 310 223 142 158
n02088238_6812.jpg.jpg 1 86 34 243 250
n02088238_7232.jpg.jpg 1 186 118 223 228
n02088238_7487.jpg.jpg 1 420 81 176 173
n02088238_7553.jpg.jpg 1 221 147 206 222
n02088238_7718.jpg.jpg 1 359 372 168 203
n02088238_7855.jpg.jpg 1 429 76 287 312
n02088238_8140.jpg.jpg 1 103 67 495 574
n02088238_8480.jpg.jpg 1 6 109 385 530
n02088238_8520.jpg.jpg 1 242 138 448 541
n02088238_8839.jpg.jpg 1 138 61 273 286
n02088238_9025.jpg.jpg 1 202 128 365 389
n02088238_9154.jpg.jpg 1 420 192 214 224
n02088238_9162.jpg.jpg 1 267 62 193 212
n02088238_9257.jpg.jpg 1 135 148 429 462
n02088238_9267.jpg.jpg 1 163 154 176 182
n02088238_9324.jpg.jpg 1 89 189 201 211
n02088238_9332.jpg.jpg 1 362 52 218 244
n02088238_9351.jpg.jpg 1 399 299 229 261
n02088238_9360.jpg.jpg 1 260 133 213 235
n02088238_9372.jpg.jpg 1 280 66 189 189
n02088238_9419.jpg.jpg 1 125 312 208 175
n02088238_9577.jpg.jpg 1 223 96 280 318
n02088238_9595.jpg.jpg 1 196 252 391 447
n02088238_9600.jpg.jpg 1 96 60 351 465
n02088238_9635.jpg.jpg 1 27 48 452 544
n02088238_9691.jpg.jpg 1 202 126 260 324
n02088238_9725.jpg.jpg 1 476 27 173 179
n02088238_9933.jpg.jpg 1 331 428 101 131
n02088364_10206.jpg.jpg 1 500 128 177 183
n02088364_10296.jpg.jpg 1 324 176 138 138
n02088364_10575.jpg.jpg 1 274 58 171 198
n02088364_11147.jpg.jpg 1 107 79 416 469
n02088364_11698.jpg.jpg 1 493 170 224 279
n02088364_11836.jpg.jpg 1 232 89 327 301
n02088364_12154.jpg.jpg 1 58 56 253 254
n02088364_12213.jpg.jpg 1 110 38 572 595
n02088364_12756.jpg.jpg 1 229 2 327 288
n02088364_12816.jpg.jpg 1 184 18 395 487
n02088364_12869.jpg.jpg 1 200 220 203 227
n02088364_12973.jpg.jpg 1 513 223 173 176
n02088364_13028.jpg.jpg 1 44 104 238 257
n02088364_13682.jpg.jpg 1 246 21 237 234
n02088364_14220.jpg.jpg 1 269 97 363 389
n02088364_14369.jpg.jpg 1 146 95 189 180
n02088364_14663.jpg.jpg 1 234 39 254 283
n02088364_16065.jpg.jpg 1 207 236 214 223
n02088364_16508.jpg.jpg 1 324 86 185 159
n02088364_16635.jpg.jpg 1 26 110 242 213
n02088364_17170.jpg.jpg 1 40 27 395 445
n02088364_17473.jpg.jpg 1 237 171 217 215
n02088364_17474.jpg.jpg 1 114 144 374 387
n02088364_2000.jpg.jpg 1 301 320 75 62
n02088364_2652.jpg.jpg 1 232 55 237 215
n02088364_2661.jpg.jpg 1 272 160 171 174
n02088364_2840.jpg.jpg 1 180 262 98 98
n02088364_6109.jpg.jpg 1 190 67 402 410
n02088364_7247.jpg.jpg 1 82 114 228 228
n02088364_7927.jpg.jpg 1 195 311 231 259
n02088364_9318.jpg.jpg 1 28 41 225 264
n02088364_9652.jpg.jpg 1 208 518 292 299
n02088364_9825.jpg.jpg 1 294 47 182 162
n02088466_10083.jpg.jpg 1 253 22 309 346
n02088466_10506.jpg.jpg 1 202 77 246 248
n02088466_10773.jpg.jpg 1 128 81 218 267
n02088466_10831.jpg.jpg 1 47 37 249 270
n02088466_10904.jpg.jpg 1 461 133 81 99
n02088466_1473.jpg.jpg 1 276 48 252 280
n02088466_2862.jpg.jpg 1 195 340 218 246
n02088466_2934.jpg.jpg 1 326 28 157 155
n02088466_3096.jpg.jpg 1 184 101 339 364
n02088466_3184.jpg.jpg 1 457 223 87 105
n02088466_3634.jpg.jpg 1 145 68 364 377
n02088466_4054.jpg.jpg 1 22 28 266 298
n02088466_5521.jpg.jpg 1 215 407 188 194
n02088466_5784.jpg.jpg 1 252 235 157 147
n02088466_5832.jpg.jpg 1 66 23 392 373
n02088466_6532.jpg.jpg 1 288 88 239 279
n02088466_654.jpg.jpg 1 237 120 241 255
n02088466_7032.jpg.jpg 1 202 85 325 356
n02088466_7121.jpg.jpg 1 179 8 196 198
n02088466_7178.jpg.jpg 1 165 99 279 290
n02088466_7234.jpg.jpg 1 51 167 287 254
n02088466_7486.jpg.jpg 1 203 98 348 366
n02088466_7607.jpg.jpg 1 222 20 179 224
n02088466_7670.jpg.jpg 1 75 82 316 380
n02088466_7703.jpg.jpg 1 132 41 263 302
n02088466_7973.jpg.jpg 1 204 52 453 509
n02088466_8015.jpg.jpg 1 196 36 352 364
n02088466_8162.jpg.jpg 1 143 70 381 385
n02088466_8184.jpg.jpg 1 374 64 291 280
n02088466_8518.jpg.jpg 1 221 39 259 264
n02088466_8575.jpg.jpg 1 76 40 419 372
n02088466_8664.jpg.jpg 1 22 62 242 237
n02088466_8813.jpg.jpg 1 537 89 175 248
n02088466_8821.jpg.jpg 1 307 13 159 155
n02088466_8926.jpg.jpg 1 231 538 194 180
n02088466_9023.jpg.jpg 1 265 473 251 259
n02088466_9096.jpg.jpg 1 534 618 174 195
n02088466_9191.jpg.jpg 1 335 169 143 159
n02088466_9237.jpg.jpg 1 325 95 191 191
n02088466_9287.jpg.jpg 1 198 85 310 362
n02088466_9356.jpg.jpg 1 243 467 266 279
n02088466_9360.jpg.jpg 1 415 174 126 133
n02088466_9383.jpg.jpg 1 98 207 485 550
n02088466_9576.jpg.jpg 1 315 103 189 285
n02088632_1073.jpg.jpg 1 383 187 105 131
n02088632_1077.jpg.jpg 1 263 70 313 330
n02088632_1108.jpg.jpg 1 60 145 261 233
n02088632_1118.jpg.jpg 1 290 170 165 134
n02088632_1236.jpg.jpg 1 424 245 143 175
n02088632_1274.jpg.jpg 1 241 7 274 272
n02088632_1277.jpg.jpg 1 184 80 226 223
n02088632_1376.jpg.jpg 1 386 148 136 157
n02088632_1391.jpg.jpg 1 117 57 488 538
n02088632_1463.jpg.jpg 1 171 121 110 108
n02088632_1541.jpg.jpg 1 79 54 492 516
n02088632_1636.jpg.jpg 1 99 61 439 395
n02088632_1704.jpg.jpg 1 400 160 246 273
n02088632_1765.jpg.jpg 1 202 73 400 434
n02088632_2165.jpg.jpg 1 55 5 491 406
n02088632_2174.jpg.jpg 1 322 278 128 132
n02088632_2207.jpg.jpg 1 353 153 170 182
n02088632_2209.jpg.jpg 1 334 220 152 149
n02088632_2321.jpg.jpg 1 161 8 149 145
n02088632_2764.jpg.jpg 1 206 16 508 433
n02088632_291.jpg.jpg 1 321 127 148 154
n02088632_3346.jpg.jpg 1 296 89 250 224
n02088632_3478.jpg.jpg 1 416 38 232 243
n02088632_349.jpg.jpg 1 215 77 342 346
n02088632_3545.jpg.jpg 1 58 16 380 383
n02088632_3585.jpg.jpg 1 315 271 186 202
n02088632_3699.jpg.jpg 1 121 59 226 204
n02088632_3912.jpg.jpg 1 269 63 419 539
n02088632_4052.jpg.jpg 1 6 12 182 167
n02088632_419.jpg.jpg 1 150 78 302 320
n02088632_4313.jpg.jpg 1 350 205 174 171
n02088632_4332.jpg.jpg 1 64 141 218 231
n02088632_4613.jpg.jpg 1 36 78 175 193
n02088632_4687.jpg.jpg 1 517 27 197 220
n02088632_874.jpg.jpg 1 80 12 341 344
n02088632_926.jpg.jpg 1 206 171 234 204
n02089078_1021.jpg.jpg 1 369 151 188 195
n02089078_183.jpg.jpg 1 263 21 297 270
n02089078_185.jpg.jpg 1 2 27 196 173
n02089078_188.jpg.jpg 1 61 77 383 372
n02089078_1962.jpg.jpg 1 508 9 211 166
n02089078_2106.jpg.jpg 1 227 367 139 142
n02089078_2294.jpg.jpg 1 220 123 269 274
n02089078_243.jpg.jpg 1 91 137 542 490
n02089078_2498.jpg.jpg 1 382 14 246 218
n02089078_2542.jpg.jpg 1 23 58 183 148
n02089078_3183.jpg.jpg 1 137 31 321 297
n02089078_3191.jpg.jpg 1 155 43 265 264
n02089078_3196.jpg.jpg 1 236 53 423 452
n02089078_3914.jpg.jpg 1 180 108 315 339
n02089078_4331.jpg.jpg 1 304 194 123 154
n02089078_465.jpg.jpg 1 11 24 203 175
n02089867_1062.jpg.jpg 1 178 54 223 237
n02089867_1079.jpg.jpg 1 10 206 335 273
n02089867_1295.jpg.jpg 1 89 66 162 177
n02089867_1620.jpg.jpg 1 482 104 187 182
n02089867_183.jpg.jpg 1 149 68 336 301
n02089867_2191.jpg.jpg 1 58 371 186 173
n02089867_2365.jpg.jpg 1 333 32 261 238
n02089867_24.jpg.jpg 1 272 134 362 378
n02089867_3044.jpg.jpg 1 42 34 155 145
n02089867_3103.jpg.jpg 1 455 287 203 195
n02089867_3448.jpg.jpg 1 39 178 295 331
n02089867_347.jpg.jpg 1 198 105 266 318
n02089867_4004.jpg.jpg 1 363 22 197 171
n02089867_655.jpg.jpg 1 493 113 188 204
n02089867_91.jpg.jpg 1 159 195 402 435
n02089867_942.jpg.jpg 1 277 4 176 136
n02089973_1312.jpg.jpg 1 35 85 188 167
n02089973_1623.jpg.jpg 1 129 45 181 220
n02089973_1841.jpg.jpg 1 259 295 120 96
n02089973_2.jpg.jpg 1 412 182 195 215
n02089973_2681.jpg.jpg 1 117 73 465 475
n02089973_3307.jpg.jpg 1 431 92 257 257
n02089973_3647.jpg.jpg 1 540 11 173 126
n02089973_612.jpg.jpg 1 441 263 234 244
n02090379_1360.jpg.jpg 1 336 256 334 369
n02090379_1448.jpg.jpg 1 92 103 153 137
n02090379_1542.jpg.jpg 1 277 59 357 384
n02090379_1698.jpg.jpg 1 532 151 120 180
n02090379_1821.jpg.jpg 1 251 327 181 175
n02090379_2114.jpg.jpg 1 243 62 206 226
n02090379_2126.jpg.jpg 1 156 156 419 531
n02090379_2280.jpg.jpg 1 395 16 180 231
n02090379_2335.jpg.jpg 1 139 62 334 322
n02090379_2410.jpg.jpg 1 253 240 108 121
n02090379_2420.jpg.jpg 1 213 5 307 357
n02090379_243.jpg.jpg 1 209 186 234 227
n02090379_2453.jpg.jpg 1 208 206 352 379
n02090379_3011.jpg.jpg 1 150 306 223 209
n02090379_3415.jpg.jpg 1 167 90 230 259
n02090379_3556.jpg.jpg 1 305 144 140 158
n02090379_3721.jpg.jpg 1 67 297 490 592
n02090379_3738.jpg.jpg 1 376 48 211 219
n02090379_3899.jpg.jpg 1 172 362 409 394
n02090379_3996.jpg.jpg 1 150 176 101 101
n02090379_4426.jpg.jpg 1 138 35 479 519
n02090379_4561.jpg.jpg 1 260 68 293 291
n02090379_4609.jpg.jpg 1 96 68 493 459
n02090379_4643.jpg.jpg 1 69 184 184 176
n02090379_4681.jpg.jpg 1 285 39 377 366
n02090379_4871.jpg.jpg 1 149 96 223 263
n02090379_4918.jpg.jpg 1 204 21 351 352
n02090379_4950.jpg.jpg 1 93 54 343 328
n02090379_5196.jpg.jpg 1 194 63 374 386
n02090379_5435.jpg.jpg 1 424 178 222 243
n02090379_5466.jpg.jpg 1 218 141 455 408
n02090379_5504.jpg.jpg 1 42 211 202 208
n02090379_5508.jpg.jpg 1 185 77 304 278
n02090379_601.jpg.jpg 1 361 174 114 111
n02090379_744.jpg.jpg 1 262 157 217 201
n02090379_957.jpg.jpg 1 276 45 198 207
n02090622_10343.jpg.jpg 1 317 75 184 206
n02090622_10492.jpg.jpg 1 509 74 141 147
n02090622_1082.jpg.jpg 1 270 336 370 478
n02090622_1391.jpg.jpg 1 383 590 160 202
n02090622_1726.jpg.jpg 1 124 57 403 374
n02090622_4103.jpg.jpg 1 212 115 72 84
n02090622_431.jpg.jpg 1 233 124 339 365
n02090622_4552.jpg.jpg 1 177 126 93 104
n02090622_5045.jpg.jpg 1 53 4 156 96
n02090622_5261.jpg.jpg 1 384 97 296 322
n02090622_5556.jpg.jpg 1 333 22 122 135
n02090622_5602.jpg.jpg 1 68 187 163 193
n02090622_6166.jpg.jpg 1 506 176 117 109
n02090622_6565.jpg.jpg 1 326 91 153 154
n02090622_6588.jpg.jpg 1 283 266 157 180
n02090622_6851.jpg.jpg 1 40 53 280 274
n02090622_7069.jpg.jpg 1 28 603 322 284
n02090622_7100.jpg.jpg 1 362 221 147 173
n02090622_7135.jpg.jpg 1 258 73 184 185
n02090622_7142.jpg.jpg 1 465 36 159 145
n02090622_7232.jpg.jpg 1 210 172 153 172
n02090622_7377.jpg.jpg 1 247 138 102 87
n02090622_8145.jpg.jpg 1 202 541 171 175
n02090622_8240.jpg.jpg 1 169 138 279 210
n02090622_8469.jpg.jpg 1 218 145 121 94
n02090622_8593.jpg.jpg 1 410 116 292 339
n02090622_8610.jpg.jpg 1 58 19 144 194
n02090622_8634.jpg.jpg 1 58 156 152 163
n02090622_8674.jpg.jpg 1 114 72 175 138
n02090622_8764.jpg.jpg 1 203 130 129 126
n02090622_906.jpg.jpg 1 471 27 170 161
n02090622_9374.jpg.jpg 1 316 125 156 159
n02090622_9415.jpg.jpg 1 115 78 154 110
n02090721_1002.jpg.jpg 1 464 138 115 144
n02090721_1105.jpg.jpg 1 130 143 482 520
n02090721_1452.jpg.jpg 1 128 80 116 106
n02090721_1527.jpg.jpg 1 321 156 90 91
n02090721_1534.jpg.jpg 1 27 158 419 432
n02090721_1636.jpg.jpg 1 110 176 147 163
n02090721_1644.jpg.jpg 1 249 81 237 238
n02090721_1690.jpg.jpg 1 95 146 270 271
n02090721_1728.jpg.jpg 1 236 78 372 374
n02090721_1865.jpg.jpg 1 273 307 223 221
n02090721_1920.jpg.jpg 1 438 369 189 209
n02090721_1979.jpg.jpg 1 478 77 218 260
n02090721_1981.jpg.jpg 1 374 116 236 255
n02090721_2068.jpg.jpg 1 113 118 420 471
n02090721_2101.jpg.jpg 1 122 48 141 144
n02090721_2179.jpg.jpg 1 498 123 95 105
n02090721_2299.jpg.jpg 1 205 101 510 563
n02090721_2319.jpg.jpg 1 129 111 120 117
n02090721_2340.jpg.jpg 1 144 45 154 165
n02090721_2461.jpg.jpg 1 235 58 381 469
n02090721_2651.jpg.jpg 1 296 104 271 281
n02090721_2967.jpg.jpg 1 528 95 120 150
n02090721_311.jpg.jpg 1 586 70 133 204
n02090721_3120.jpg.jpg 1 131 35 182 202
n02090721_3398.jpg.jpg 1 75 16 341 345
n02090721_3667.jpg.jpg 1 173 207 396 444
n02090721_3787.jpg.jpg 1 247 483 152 124
n02090721_3940.jpg.jpg 1 404 350 165 168
n02090721_3999.jpg.jpg 1 377 106 169 218
n02090721_4095.jpg.jpg 1 65 153 98 127
n02090721_465.jpg.jpg 1 153 130 213 252
n02090721_471.jpg.jpg 1 79 107 118 114
n02090721_4849.jpg.jpg 1 135 239 174 200
n02090721_607.jpg.jpg 1 67 201 123 155
n02090721_626.jpg.jpg 1 236 59 270 248
n02090721_6279.jpg.jpg 1 243 134 159 173
n02090721_6617.jpg.jpg 1 131 103 137 122
n02090721_6650.jpg.jpg 1 346 36 314 288
n02090721_764.jpg.jpg 1 528 449 187 221
n02090721_771.jpg.jpg 1 344 214 191 143
n02090721_825.jpg.jpg 1 414 205 103 124
n02090721_936.jpg.jpg 1 14 186 178 158
n02090721_943.jpg.jpg 1 69 250 280 264
n02090721_969.jpg.jpg 1 293 42 123 138
n02091032_10300.jpg.jpg 1 250 555 143 131
n02091032_10435.jpg.jpg 1 234 76 192 198
n02091032_10644.jpg.jpg 1 218 355 219 188
n02091032_1121.jpg.jpg 1 261 36 251 221
n02091032_11843.jpg.jpg 1 103 107 118 91
n02091032_1228.jpg.jpg 1 256 56 369 374
n02091032_1441.jpg.jpg 1 283 77 275 203
n02091032_1470.jpg.jpg 1 314 82 236 258
n02091032_1547.jpg.jpg 1 311 75 96 95
n02091032_1783.jpg.jpg 1 286 93 162 149
n02091032_2180.jpg.jpg 1 630 203 75 84
n02091032_2687.jpg.jpg 1 487 98 164 194
n02091032_3213.jpg.jpg 1 195 182 299 282
n02091032_372.jpg.jpg 1 132 473 254 296
n02091032_3763.jpg.jpg 1 359 301 316 258
n02091032_4012.jpg.jpg 1 332 62 224 245
n02091032_4087.jpg.jpg 1 182 35 391 275
n02091032_4731.jpg.jpg 1 53 147 206 219
n02091032_5134.jpg.jpg 1 168 303 440 472
n02091032_551.jpg.jpg 1 268 61 237 221
n02091032_6587.jpg.jpg 1 83 55 303 245
n02091032_6979.jpg.jpg 1 292 29 181 159
n02091032_7406.jpg.jpg 1 240 34 371 366
n02091032_75.jpg.jpg 1 286 96 84 77
n02091032_8265.jpg.jpg 1 143 262 334 334
n02091032_8428.jpg.jpg 1 193 55 182 205
n02091032_9115.jpg.jpg 1 91 41 201 224
n02091032_9491.jpg.jpg 1 322 86 183 147
n02091032_9517.jpg.jpg 1 280 39 234 217
n02091032_9613.jpg.jpg 1 250 123 169 173
n02091134_10219.jpg.jpg 1 362 183 114 121
n02091134_10548.jpg.jpg 1 222 160 227 250
n02091134_10918.jpg.jpg 1 318 170 101 83
n02091134_1129.jpg.jpg 1 486 91 124 108
n02091134_11765.jpg.jpg 1 82 94 310 270
n02091134_11775.jpg.jpg 1 421 200 172 201
n02091134_12017.jpg.jpg 1 291 25 118 134
n02091134_12476.jpg.jpg 1 307 170 121 103
n02091134_13244.jpg.jpg 1 218 138 314 343
n02091134_13348.jpg.jpg 1 156 94 150 131
n02091134_13743.jpg.jpg 1 281 71 302 307
n02091134_14567.jpg.jpg 1 345 301 84 93
n02091134_14579.jpg.jpg 1 121 329 160 157
n02091134_14646.jpg.jpg 1 408 203 78 71
n02091134_14828.jpg.jpg 1 160 62 135 118
n02091134_14842.jpg.jpg 1 136 37 180 158
n02091134_16005.jpg.jpg 1 183 375 219 246
n02091134_16336.jpg.jpg 1 349 73 117 136
n02091134_18069.jpg.jpg 1 202 188 85 69
n02091134_18392.jpg.jpg 1 293 241 147 143
n02091134_18590.jpg.jpg 1 223 364 74 90
n02091134_20065.jpg.jpg 1 260 254 95 99
n02091134_2568.jpg.jpg 1 448 287 160 173
n02091134_3263.jpg.jpg 1 356 216 218 211
n02091134_4149.jpg.jpg 1 535 405 131 163
n02091134_4197.jpg.jpg 1 428 39 165 145
n02091134_738.jpg.jpg 1 187 123 145 149
n02091134_7606.jpg.jpg 1 502 151 152 145
n02091134_7794.jpg.jpg 1 188 231 477 542
n02091134_9433.jpg.jpg 1 134 67 135 91
n02091134_9671.jpg.jpg 1 461 109 134 128
n02091134_9806.jpg.jpg 1 92 473 262 287
n02091244_100.jpg.jpg 1 304 124 157 151
n02091244_1030.jpg.jpg 1 111 100 295 343
n02091244_1037.jpg.jpg 1 118 374 148 171
n02091244_1045.jpg.jpg 1 317 32 167 172
n02091244_1072.jpg.jpg 1 210 110 158 131
n02091244_1076.jpg.jpg 1 275 71 165 165
n02091244_110.jpg.jpg 1 89 138 194 186
n02091244_1120.jpg.jpg 1 271 155 187 210
n02091244_1182.jpg.jpg 1 146 75 126 130
n02091244_1238.jpg.jpg 1 412 141 126 138
n02091244_1252.jpg.jpg 1 192 78 126 132
n02091244_1265.jpg.jpg 1 32 81 165 163
n02091244_1283.jpg.jpg 1 426 377 93 106
n02091244_1340.jpg.jpg 1 169 278 383 331
n02091244_1371.jpg.jpg 1 241 177 83 76
n02091244_1396.jpg.jpg 1 535 114 127 124
n02091244_1438.jpg.jpg 1 355 97 214 197
n02091244_1488.jpg.jpg 1 211 177 394 317
n02091244_1496.jpg.jpg 1 262 336 159 144
n02091244_1525.jpg.jpg 1 214 242 172 200
n02091244_156.jpg.jpg 1 225 196 234 206
n02091244_1635.jpg.jpg 1 330 66 133 122
n02091244_1938.jpg.jpg 1 163 271 330 322
n02091244_2038.jpg.jpg 1 173 159 297 286
n02091244_2050.jpg.jpg 1 250 89 262 262
n02091244_227.jpg.jpg 1 429 52 137 120
n02091244_2542.jpg.jpg 1 213 363 296 273
n02091244_2709.jpg.jpg 1 466 80 154 136
n02091244_291.jpg.jpg 1 210 185 290 290
n02091244_3075.jpg.jpg 1 376 87 74 67
n02091244_3552.jpg.jpg 1 194 164 102 97
n02091244_3748.jpg.jpg 1 70 294 223 190
n02091244_3800.jpg.jpg 1 26 74 408 429
n02091244_3864.jpg.jpg 1 63 61 139 118
n02091244_4015.jpg.jpg 1 438 49 194 193
n02091244_4031.jpg.jpg 1 329 146 208 204
n02091244_4242.jpg.jpg 1 193 281 445 421
n02091244_4395.jpg.jpg 1 208 24 279 234
n02091244_5400.jpg.jpg 1 151 164 236 247
n02091244_5491.jpg.jpg 1 77 78 220 207
n02091244_5718.jpg.jpg 1 502 149 156 170
n02091244_678.jpg.jpg 1 275 119 265 259
n02091244_784.jpg.jpg 1 170 264 332 312
n02091244_939.jpg.jpg 1 444 339 145 144
n02091467_1213.jpg.jpg 1 349 212 151 158
n02091467_1487.jpg.jpg 1 60 65 421 396
n02091467_1491.jpg.jpg 1 277 189 188 201
n02091467_1544.jpg.jpg 1 96 73 203 204
n02091467_1588.jpg.jpg 1 232 156 225 223
n02091467_1655.jpg.jpg 1 307 179 277 318
n02091467_2094.jpg.jpg 1 491 30 153 168
n02091467_2503.jpg.jpg 1 69 94 376 413
n02091467_2646.jpg.jpg 1 248 295 239 248
n02091467_2856.jpg.jpg 1 272 149 147 139
n02091467_2929.jpg.jpg 1 280 135 206 203
n02091467_2930.jpg.jpg 1 143 150 431 408
n02091467_2936.jpg.jpg 1 83 188 280 271
n02091467_2966.jpg.jpg 1 127 64 158 148
n02091467_3055.jpg.jpg 1 97 78 236 226
n02091467_3503.jpg.jpg 1 283 211 259 273
n02091467_3547.jpg.jpg 1 497 115 208 221
n02091467_3556.jpg.jpg 1 181 64 192 184
n02091467_3849.jpg.jpg 1 44 39 187 184
n02091467_4024.jpg.jpg 1 167 98 214 211
n02091467_410.jpg.jpg 1 453 125 77 78
n02091467_4110.jpg.jpg 1 303 312 185 198
n02091467_4294.jpg.jpg 1 360 147 184 184
n02091467_4362.jpg.jpg 1 457 174 137 137
n02091467_4426.jpg.jpg 1 283 185 85 89
n02091467_4472.jpg.jpg 1 394 110 126 118
n02091467_4544.jpg.jpg 1 335 116 139 139
n02091467_4761.jpg.jpg 1 212 161 114 120
n02091467_481.jpg.jpg 1 430 126 274 292
n02091467_5002.jpg.jpg 1 357 248 66 70
n02091467_5134.jpg.jpg 1 91 108 194 197
n02091467_5349.jpg.jpg 1 358 124 300 276
n02091467_5640.jpg.jpg 1 374 653 79 92
n02091467_5985.jpg.jpg 1 214 198 242 208
n02091467_6235.jpg.jpg 1 325 224 304 316
n02091467_6459.jpg.jpg 1 139 65 192 187
n02091467_6920.jpg.jpg 1 262 183 214 219
n02091467_708.jpg.jpg 1 174 69 375 383
n02091467_879.jpg.jpg 1 77 130 217 226
n02091635_2120.jpg.jpg 1 92 82 331 320
n02091635_2464.jpg.jpg 1 252 109 232 214
n02091635_2482.jpg.jpg 1 10 12 155 154
n02091635_2603.jpg.jpg 1 13 16 188 192
n02091635_3845.jpg.jpg 1 11 69 214 230
n02091635_4174.jpg.jpg 1 281 143 291 273
n02091635_4626.jpg.jpg 1 378 126 168 181
n02091635_4628.jpg.jpg 1 166 207 265 285
n02091635_4632.jpg.jpg 1 107 75 136 129
n02091831_10593.jpg.jpg 1 191 75 283 314
n02091831_12881.jpg.jpg 1 313 399 243 238
n02091831_12945.jpg.jpg 1 357 155 173 164
n02091831_13361.jpg.jpg 1 336 68 273 325
n02091831_13486.jpg.jpg 1 211 128 112 118
n02091831_13536.jpg.jpg 1 401 133 83 93
n02091831_13774.jpg.jpg 1 453 129 113 111
n02091831_1400.jpg.jpg 1 284 126 121 121
n02091831_1439.jpg.jpg 1 391 172 97 105
n02091831_1507.jpg.jpg 1 102 52 140 138
n02091831_1563.jpg.jpg 1 108 75 125 137
n02091831_1852.jpg.jpg 1 481 16 152 170
n02091831_2245.jpg.jpg 1 126 54 222 200
n02091831_2290.jpg.jpg 1 262 178 293 345
n02091831_2315.jpg.jpg 1 309 250 85 87
n02091831_2995.jpg.jpg 1 182 104 116 104
n02091831_3052.jpg.jpg 1 248 47 98 93
n02091831_3054.jpg.jpg 1 193 68 97 100
n02091831_3067.jpg.jpg 1 376 152 124 138
n02091831_3222.jpg.jpg 1 256 24 189 186
n02091831_3300.jpg.jpg 1 442 130 112 106
n02091831_3339.jpg.jpg 1 410 109 109 119
n02091831_3433.jpg.jpg 1 211 70 103 95
n02091831_351.jpg.jpg 1 140 370 170 153
n02091831_410.jpg.jpg 1 91 19 124 120
n02091831_4246.jpg.jpg 1 179 250 131 119
n02091831_4259.jpg.jpg 1 210 113 79 77
n02091831_4463.jpg.jpg 1 200 51 222 223
n02091831_5384.jpg.jpg 1 577 234 84 89
n02091831_55.jpg.jpg 1 182 307 266 304
n02091831_6139.jpg.jpg 1 126 176 94 95
n02091831_6308.jpg.jpg 1 247 112 320 297
n02091831_699.jpg.jpg 1 302 137 99 99
n02091831_736.jpg.jpg 1 173 108 260 263
n02091831_801.jpg.jpg 1 215 79 127 117
n02091831_8223.jpg.jpg 1 37 227 494 487
n02091831_843.jpg.jpg 1 90 188 206 211
n02091831_8843.jpg.jpg 1 166 45 118 118
n02092002_10693.jpg.jpg 1 36 75 546 572
n02092002_11087.jpg.jpg 1 112 134 532 517
n02092002_11390.jpg.jpg 1 31 131 156 157
n02092002_1200.jpg.jpg 1 253 149 105 108
n02092002_12414.jpg.jpg 1 61 130 620 633
n02092002_12595.jpg.jpg 1 88 41 144 139
n02092002_13159.jpg.jpg 1 18 60 555 594
n02092002_1339.jpg.jpg 1 476 7 120 123
n02092002_1451.jpg.jpg 1 49 27 160 167
n02092002_14825.jpg.jpg 1 487 11 176 186
n02092002_15096.jpg.jpg 1 177 69 408 420
n02092002_15215.jpg.jpg 1 436 304 83 85
n02092002_1828.jpg.jpg 1 101 9 137 139
n02092002_2129.jpg.jpg 1 96 175 373 401
n02092002_2184.jpg.jpg 1 321 144 223 221
n02092002_2590.jpg.jpg 1 432 368 172 182
n02092002_2981.jpg.jpg 1 20 26 185 189
n02092002_3343.jpg.jpg 1 360 88 191 198
n02092002_3494.jpg.jpg 1 25 38 176 178
n02092002_4131.jpg.jpg 1 144 154 550 576
n02092002_4220.jpg.jpg 1 522 6 175 178
n02092002_4517.jpg.jpg 1 380 68 114 109
n02092002_5222.jpg.jpg 1 155 17 282 266
n02092002_5377.jpg.jpg 1 294 101 340 309
n02092002_5462.jpg.jpg 1 294 20 161 175
n02092002_5504.jpg.jpg 1 172 71 341 350
n02092002_5557.jpg.jpg 1 174 61 344 371
n02092002_6007.jpg.jpg 1 234 520 462 526
n02092002_6380.jpg.jpg 1 263 100 159 190
n02092002_6534.jpg.jpg 1 326 173 148 162
n02092002_6695.jpg.jpg 1 26 407 180 166
n02092002_7165.jpg.jpg 1 71 53 390 391
n02092002_7314.jpg.jpg 1 219 15 164 166
n02092002_7743.jpg.jpg 1 334 167 305 339
n02092002_7835.jpg.jpg 1 174 160 246 236
n02092002_817.jpg.jpg 1 293 69 279 295
n02092002_86.jpg.jpg 1 225 22 401 369
n02092002_9656.jpg.jpg 1 73 222 466 487
n02092339_1013.jpg.jpg 1 302 170 111 106
n02092339_1100.jpg.jpg 1 175 220 338 347
n02092339_1521.jpg.jpg 1 99 174 383 340
n02092339_176.jpg.jpg 1 94 13 523 449
n02092339_1930.jpg.jpg 1 305 392 218 248
n02092339_2247.jpg.jpg 1 213 212 312 294
n02092339_2510.jpg.jpg 1 198 95 389 395
n02092339_284.jpg.jpg 1 192 72 357 373
n02092339_2885.jpg.jpg 1 107 40 523 545
n02092339_327.jpg.jpg 1 67 96 353 461
n02092339_3371.jpg.jpg 1 133 237 239 245
n02092339_3409.jpg.jpg 1 257 19 349 333
n02092339_4271.jpg.jpg 1 57 205 625 641
n02092339_431.jpg.jpg 1 223 54 129 123
n02092339_452.jpg.jpg 1 47 26 257 239
n02092339_4633.jpg.jpg 1 296 179 366 386
n02092339_5292.jpg.jpg 1 178 16 359 375
n02092339_5740.jpg.jpg 1 108 19 379 411
n02092339_5978.jpg.jpg 1 252 38 193 176
n02092339_6124.jpg.jpg 1 293 188 307 281
n02092339_6209.jpg.jpg 1 462 6 174 173
n02092339_6341.jpg.jpg 1 320 134 265 229
n02092339_6530.jpg.jpg 1 261 85 285 266
n02092339_6678.jpg.jpg 1 296 20 303 282
n02092339_7468.jpg.jpg 1 379 14 128 122
n02092339_747.jpg.jpg 1 20 26 267 288
n02092339_750.jpg.jpg 1 98 64 376 338
n02092339_7500.jpg.jpg 1 113 18 572 505
n02092339_7596.jpg.jpg 1 185 151 530 555
n02092339_7792.jpg.jpg 1 86 102 484 451
n02092339_792.jpg.jpg 1 395 148 112 102
n02092339_7959.jpg.jpg 1 50 191 595 661
n02092339_821.jpg.jpg 1 147 17 314 290
n02092339_93.jpg.jpg 1 319 130 109 93
n02093256_11569.jpg.jpg 1 223 179 160 155
n02093256_1275.jpg.jpg 1 93 29 167 177
n02093256_12785.jpg.jpg 1 362 30 340 397
n02093256_1309.jpg.jpg 1 47 172 619 608
n02093256_13267.jpg.jpg 1 338 69 212 219
n02093256_13858.jpg.jpg 1 106 109 335 389
n02093256_14933.jpg.jpg 1 292 199 90 103
n02093256_1745.jpg.jpg 1 221 87 225 216
n02093256_2353.jpg.jpg 1 313 153 86 89
n02093256_2416.jpg.jpg 1 98 62 359 376
n02093256_269.jpg.jpg 1 70 31 180 192
n02093256_2780.jpg.jpg 1 177 171 326 329
n02093256_291.jpg.jpg 1 218 73 342 359
n02093256_3378.jpg.jpg 1 232 107 248 263
n02093256_3812.jpg.jpg 1 221 77 216 189
n02093256_4678.jpg.jpg 1 173 233 238 235
n02093256_4972.jpg.jpg 1 141 270 357 304
n02093256_5007.jpg.jpg 1 277 105 352 326
n02093256_5110.jpg.jpg 1 121 101 159 159
n02093256_5325.jpg.jpg 1 175 34 456 410
n02093256_5600.jpg.jpg 1 381 159 182 218
n02093256_5647.jpg.jpg 1 155 203 309 298
n02093256_5654.jpg.jpg 1 334 174 110 105
n02093256_5734.jpg.jpg 1 89 83 186 184
n02093256_6821.jpg.jpg 1 158 161 413 359
n02093256_6969.jpg.jpg 1 238 270 227 214
n02093256_6992.jpg.jpg 1 134 56 500 455
n02093256_7830.jpg.jpg 1 221 154 169 182
n02093256_8623.jpg.jpg 1 181 102 423 401
n02093256_9753.jpg.jpg 1 284 36 344 323
n02093428_10761.jpg.jpg 1 313 170 99 105
n02093428_10947.jpg.jpg 1 147 36 419 403
n02093428_111.jpg.jpg 1 168 59 429 390
n02093428_11151.jpg.jpg 1 74 29 546 509
n02093428_11598.jpg.jpg 1 79 42 215 217
n02093428_12016.jpg.jpg 1 361 242 175 168
n02093428_12462.jpg.jpg 1 80 80 442 432
n02093428_14471.jpg.jpg 1 173 33 417 401
n02093428_14485.jpg.jpg 1 153 228 309 318
n02093428_14990.jpg.jpg 1 87 51 588 637
n02093428_15747.jpg.jpg 1 60 88 499 491
n02093428_1641.jpg.jpg 1 216 136 360 433
n02093428_17332.jpg.jpg 1 129 53 485 508
n02093428_1925.jpg.jpg 1 249 158 321 325
n02093428_19569.jpg.jpg 1 231 83 290 273
n02093428_2049.jpg.jpg 1 255 88 411 382
n02093428_2519.jpg.jpg 1 199 51 296 330
n02093428_2592.jpg.jpg 1 106 86 169 148
n02093428_277.jpg.jpg 1 243 40 244 214
n02093428_3098.jpg.jpg 1 175 102 132 125
n02093428_3331.jpg.jpg 1 126 32 379 422
n02093428_3556.jpg.jpg 1 153 44 292 270
n02093428_3667.jpg.jpg 1 220 162 140 121
n02093428_4069.jpg.jpg 1 103 119 460 474
n02093428_4552.jpg.jpg 1 201 97 449 443
n02093428_4654.jpg.jpg 1 210 127 441 409
n02093428_5297.jpg.jpg 1 215 99 286 300
n02093428_5331.jpg.jpg 1 39 11 367 348
n02093428_5416.jpg.jpg 1 132 39 314 316
n02093428_5814.jpg.jpg 1 102 5 424 385
n02093428_582.jpg.jpg 1 270 60 167 181
n02093428_7007.jpg.jpg 1 101 52 507 507
n02093428_8324.jpg.jpg 1 289 103 351 325
n02093428_8582.jpg.jpg 1 180 82 357 381
n02093428_8744.jpg.jpg 1 169 48 529 628
n02093428_9929.jpg.jpg 1 95 41 524 489
n02093647_1030.jpg.jpg 1 203 111 139 126
n02093647_1514.jpg.jpg 1 249 83 238 227
n02093647_1538.jpg.jpg 1 134 44 484 500
n02093647_160.jpg.jpg 1 201 130 431 452
n02093647_1621.jpg.jpg 1 281 49 232 224
n02093647_1736.jpg.jpg 1 318 120 190 206
n02093647_1905.jpg.jpg 1 248 289 329 316
n02093647_1915.jpg.jpg 1 206 52 285 255
n02093647_2108.jpg.jpg 1 403 154 129 130
n02093647_2306.jpg.jpg 1 293 172 173 168
n02093647_2326.jpg.jpg 1 239 56 277 261
n02093647_2420.jpg.jpg 1 374 148 154 178
n02093647_2433.jpg.jpg 1 162 91 291 308
n02093647_252.jpg.jpg 1 272 152 133 145
n02093647_2531.jpg.jpg 1 231 144 279 278
n02093647_2585.jpg.jpg 1 270 60 255 275
n02093647_2932.jpg.jpg 1 220 228 345 350
n02093647_3015.jpg.jpg 1 42 9 191 177
n02093647_3058.jpg.jpg 1 49 76 166 187
n02093647_3215.jpg.jpg 1 352 145 108 121
n02093647_3594.jpg.jpg 1 213 3 186 180
n02093647_3607.jpg.jpg 1 244 37 184 184
n02093647_518.jpg.jpg 1 261 47 255 279
n02093647_524.jpg.jpg 1 130 5 294 281
n02093647_534.jpg.jpg 1 147 122 322 316
n02093647_665.jpg.jpg 1 220 77 297 264
n02093647_680.jpg.jpg 1 227 23 208 238
n02093647_79.jpg.jpg 1 199 42 327 344
n02093754_115.jpg.jpg 1 239 89 216 240
n02093754_1247.jpg.jpg 1 111 208 180 162
n02093754_1310.jpg.jpg 1 207 113 280 290
n02093754_1557.jpg.jpg 1 273 133 147 144
n02093754_180.jpg.jpg 1 290 57 180 185
n02093754_1861.jpg.jpg 1 202 192 348 326
n02093754_1895.jpg.jpg 1 132 15 424 409
n02093754_1954.jpg.jpg 1 327 62 256 254
n02093754_2123.jpg.jpg 1 107 91 507 485
n02093754_2189.jpg.jpg 1 258 128 145 159
n02093754_2281.jpg.jpg 1 326 106 184 189
n02093754_2453.jpg.jpg 1 162 163 291 275
n02093754_2799.jpg.jpg 1 282 77 236 238
n02093754_3176.jpg.jpg 1 197 36 209 216
n02093754_329.jpg.jpg 1 158 253 453 474
n02093754_3442.jpg.jpg 1 144 5 339 320
n02093754_4213.jpg.jpg 1 232 139 155 162
n02093754_4285.jpg.jpg 1 154 143 209 223
n02093754_4452.jpg.jpg 1 298 91 198 224
n02093754_4564.jpg.jpg 1 225 127 153 157
n02093754_4582.jpg.jpg 1 196 19 433 380
n02093754_4859.jpg.jpg 1 363 111 310 316
n02093754_4868.jpg.jpg 1 496 6 174 190
n02093754_4879.jpg.jpg 1 222 85 153 153
n02093754_5195.jpg.jpg 1 421 58 193 193
n02093754_521.jpg.jpg 1 141 61 292 279
n02093754_5238.jpg.jpg 1 60 243 223 217
n02093754_5391.jpg.jpg 1 290 123 219 219
n02093754_5606.jpg.jpg 1 321 128 206 219
n02093754_5660.jpg.jpg 1 245 139 140 140
n02093754_5928.jpg.jpg 1 105 69 432 422
n02093754_6061.jpg.jpg 1 204 144 120 122
n02093754_6548.jpg.jpg 1 288 150 184 192
n02093754_6574.jpg.jpg 1 92 191 444 459
n02093754_6646.jpg.jpg 1 213 120 233 218
n02093754_6767.jpg.jpg 1 136 43 437 422
n02093754_687.jpg.jpg 1 94 393 526 528
n02093754_6992.jpg.jpg 1 261 206 236 266
n02093754_7028.jpg.jpg 1 109 164 507 511
n02093754_7403.jpg.jpg 1 274 41 208 195
n02093754_7440.jpg.jpg 1 299 126 294 300
n02093754_7575.jpg.jpg 1 283 121 291 303
n02093754_773.jpg.jpg 1 258 75 160 151
n02093754_8047.jpg.jpg 1 322 91 265 282
n02093754_8093.jpg.jpg 1 414 217 129 127
n02093754_874.jpg.jpg 1 220 129 387 382
n02093754_875.jpg.jpg 1 195 335 292 284
n02093859_1062.jpg.jpg 1 85 91 162 170
n02093859_1154.jpg.jpg 1 213 128 203 193
n02093859_1194.jpg.jpg 1 54 13 168 190
n02093859_1598.jpg.jpg 1 180 434 251 301
n02093859_1628.jpg.jpg 1 273 182 123 132
n02093859_1697.jpg.jpg 1 471 39 186 205
n02093859_1819.jpg.jpg 1 97 78 364 314
n02093859_1936.jpg.jpg 1 168 288 49 53
n02093859_2114.jpg.jpg 1 181 70 311 319
n02093859_2418.jpg.jpg 1 462 16 220 237
n02093859_262.jpg.jpg 1 12 77 221 242
n02093859_2625.jpg.jpg 1 287 22 197 197
n02093859_3036.jpg.jpg 1 435 14 199 196
n02093859_321.jpg.jpg 1 422 150 123 133
n02093859_3238.jpg.jpg 1 91 10 168 175
n02093859_3272.jpg.jpg 1 239 102 242 234
n02093859_3311.jpg.jpg 1 80 58 347 342
n02093859_3394.jpg.jpg 1 12 12 207 221
n02093859_428.jpg.jpg 1 13 46 363 374
n02093859_781.jpg.jpg 1 252 101 164 167
n02093859_972.jpg.jpg 1 220 105 213 209
n02093859_992.jpg.jpg 1 50 39 442 433
n02093859_998.jpg.jpg 1 217 76 141 139
n02093991_1038.jpg.jpg 1 55 30 333 321
n02093991_1179.jpg.jpg 1 275 82 294 280
n02093991_118.jpg.jpg 1 242 16 301 317
n02093991_1394.jpg.jpg 1 110 148 422 413
n02093991_1581.jpg.jpg 1 273 127 116 122
n02093991_1978.jpg.jpg 1 190 46 191 190
n02093991_2056.jpg.jpg 1 319 86 252 240
n02093991_2322.jpg.jpg 1 235 19 274 278
n02093991_2498.jpg.jpg 1 534 155 180 186
n02093991_2973.jpg.jpg 1 320 2 376 367
n02093991_3022.jpg.jpg 1 185 37 336 333
n02093991_3300.jpg.jpg 1 268 118 284 278
n02093991_3302.jpg.jpg 1 198 111 182 196
n02093991_3383.jpg.jpg 1 185 35 423 430
n02093991_3403.jpg.jpg 1 139 75 384 406
n02093991_3424.jpg.jpg 1 117 77 149 151
n02093991_3824.jpg.jpg 1 103 242 406 435
n02093991_3838.jpg.jpg 1 203 112 277 277
n02093991_4282.jpg.jpg 1 255 208 159 166
n02093991_434.jpg.jpg 1 206 80 373 365
n02093991_4462.jpg.jpg 1 165 300 457 480
n02093991_4506.jpg.jpg 1 101 13 453 402
n02093991_4675.jpg.jpg 1 306 60 189 186
n02093991_4711.jpg.jpg 1 110 50 538 610
n02093991_4791.jpg.jpg 1 260 163 118 120
n02093991_50.jpg.jpg 1 281 192 136 144
n02093991_686.jpg.jpg 1 459 133 199 229
n02093991_716.jpg.jpg 1 176 197 172 172
n02093991_812.jpg.jpg 1 27 58 467 497
n02094114_1179.jpg.jpg 1 208 53 321 314
n02094114_1230.jpg.jpg 1 256 292 334 321
n02094114_140.jpg.jpg 1 175 80 400 365
n02094114_1498.jpg.jpg 1 150 33 568 675
n02094114_1540.jpg.jpg 1 204 116 160 142
n02094114_1637.jpg.jpg 1 248 79 408 386
n02094114_1698.jpg.jpg 1 217 56 433 434
n02094114_1743.jpg.jpg 1 75 262 372 362
n02094114_1832.jpg.jpg 1 343 148 253 233
n02094114_1847.jpg.jpg 1 61 249 455 442
n02094114_1913.jpg.jpg 1 56 41 246 224
n02094114_1972.jpg.jpg 1 214 114 400 398
n02094114_2440.jpg.jpg 1 51 76 451 459
n02094114_2631.jpg.jpg 1 40 73 410 399
n02094114_2785.jpg.jpg 1 178 112 228 248
n02094114_281.jpg.jpg 1 234 83 274 308
n02094114_2990.jpg.jpg 1 152 19 447 453
n02094114_4238.jpg.jpg 1 124 64 494 481
n02094114_4305.jpg.jpg 1 136 32 420 410
n02094114_445.jpg.jpg 1 302 48 190 190
n02094114_4519.jpg.jpg 1 275 54 304 334
n02094114_496.jpg.jpg 1 156 140 485 471
n02094114_61.jpg.jpg 1 226 131 163 167
n02094114_907.jpg.jpg 1 92 216 583 588
n02094258_1004.jpg.jpg 1 342 60 260 251
n02094258_1106.jpg.jpg 1 61 116 422 416
n02094258_112.jpg.jpg 1 190 59 284 295
n02094258_1187.jpg.jpg 1 209 22 295 285
n02094258_1219.jpg.jpg 1 281 261 183 177
n02094258_1340.jpg.jpg 1 251 80 243 249
n02094258_1345.jpg.jpg 1 346 81 260 264
n02094258_1641.jpg.jpg 1 206 126 197 225
n02094258_1703.jpg.jpg 1 81 135 246 237
n02094258_1840.jpg.jpg 1 320 122 227 220
n02094258_2116.jpg.jpg 1 176 89 354 330
n02094258_219.jpg.jpg 1 246 56 279 260
n02094258_2463.jpg.jpg 1 325 155 256 249
n02094258_2559.jpg.jpg 1 121 32 229 214
n02094258_2668.jpg.jpg 1 276 148 150 150
n02094258_2672.jpg.jpg 1 276 101 223 213
n02094258_2711.jpg.jpg 1 154 161 186 168
n02094258_2841.jpg.jpg 1 114 51 296 277
n02094258_2911.jpg.jpg 1 259 207 225 241
n02094258_3197.jpg.jpg 1 184 76 275 256
n02094258_3315.jpg.jpg 1 237 125 243 243
n02094258_3329.jpg.jpg 1 150 147 410 393
n02094258_3435.jpg.jpg 1 321 99 272 275
n02094258_3438.jpg.jpg 1 141 76 263 256
n02094258_3464.jpg.jpg 1 442 157 204 214
n02094258_3467.jpg.jpg 1 208 181 326 307
n02094258_554.jpg.jpg 1 258 12 254 240
n02094258_61.jpg.jpg 1 241 89 314 329
n02094258_73.jpg.jpg 1 157 73 462 459
n02094258_81.jpg.jpg 1 268 651 122 124
n02094258_90.jpg.jpg 1 267 82 378 372
n02094258_992.jpg.jpg 1 442 54 199 203
n02094433_1376.jpg.jpg 1 97 46 414 413
n02094433_1525.jpg.jpg 1 107 308 170 174
n02094433_1824.jpg.jpg 1 152 90 441 412
n02094433_199.jpg.jpg 1 132 148 397 359
n02094433_2041.jpg.jpg 1 376 89 310 324
n02094433_2053.jpg.jpg 1 87 72 333 322
n02094433_2125.jpg.jpg 1 416 21 183 176
n02094433_2340.jpg.jpg 1 248 190 273 261
n02094433_2349.jpg.jpg 1 244 143 221 214
n02094433_2417.jpg.jpg 1 260 510 201 206
n02094433_2609.jpg.jpg 1 99 144 167 173
n02094433_2643.jpg.jpg 1 331 166 94 95
n02094433_2685.jpg.jpg 1 206 204 387 386
n02094433_2748.jpg.jpg 1 355 85 190 174
n02094433_2901.jpg.jpg 1 321 139 89 85
n02094433_3192.jpg.jpg 1 430 576 129 110
n02094433_3279.jpg.jpg 1 202 339 477 467
n02094433_3604.jpg.jpg 1 4 141 547 572
n02094433_3613.jpg.jpg 1 235 206 205 198
n02094433_3881.jpg.jpg 1 225 368 260 255
n02094433_4005.jpg.jpg 1 410 161 185 194
n02094433_4091.jpg.jpg 1 225 134 217 203
n02094433_4167.jpg.jpg 1 213 99 420 402
n02094433_4399.jpg.jpg 1 218 115 245 237
n02094433_5868.jpg.jpg 1 278 148 290 271
n02094433_6258.jpg.jpg 1 241 246 238 238
n02094433_668.jpg.jpg 1 310 139 107 99
n02094433_967.jpg.jpg 1 264 47 313 295
n02095314_1704.jpg.jpg 1 226 157 479 497
n02095314_1829.jpg.jpg 1 234 121 212 224
n02095314_1997.jpg.jpg 1 173 46 440 454
n02095314_2460.jpg.jpg 1 229 8 275 289
n02095314_2890.jpg.jpg 1 102 193 258 262
n02095314_3240.jpg.jpg 1 511 34 181 191
n02095314_3316.jpg.jpg 1 33 94 235 249
n02095314_3364.jpg.jpg 1 232 33 304 294
n02095314_504.jpg.jpg 1 33 146 610 619
n02095570_1031.jpg.jpg 1 172 326 169 169
n02095570_104.jpg.jpg 1 102 60 160 174
n02095570_1157.jpg.jpg 1 326 171 267 232
n02095570_126.jpg.jpg 1 409 59 183 201
n02095570_1270.jpg.jpg 1 235 21 278 295
n02095570_1437.jpg.jpg 1 193 32 263 269
n02095570_1445.jpg.jpg 1 204 165 152 142
n02095570_1590.jpg.jpg 1 263 249 424 440
n02095570_1947.jpg.jpg 1 133 102 175 201
n02095570_201.jpg.jpg 1 226 39 419 438
n02095570_2139.jpg.jpg 1 371 297 145 153
n02095570_2418.jpg.jpg 1 301 172 85 93
n02095570_2480.jpg.jpg 1 198 173 197 208
n02095570_2634.jpg.jpg 1 415 149 109 114
n02095570_2732.jpg.jpg 1 223 70 152 153
n02095570_2937.jpg.jpg 1 377 143 147 158
n02095570_3113.jpg.jpg 1 306 67 154 156
n02095570_3132.jpg.jpg 1 224 87 244 214
n02095570_3213.jpg.jpg 1 153 75 374 393
n02095570_324.jpg.jpg 1 292 38 213 236
n02095570_3433.jpg.jpg 1 261 22 270 280
n02095570_3527.jpg.jpg 1 206 22 405 390
n02095570_3699.jpg.jpg 1 183 140 196 210
n02095570_3711.jpg.jpg 1 314 157 80 86
n02095570_3981.jpg.jpg 1 76 69 388 398
n02095570_4161.jpg.jpg 1 209 85 138 145
n02095570_4256.jpg.jpg 1 247 54 193 208
n02095570_4343.jpg.jpg 1 192 9 318 308
n02095570_4347.jpg.jpg 1 281 119 122 124
n02095570_477.jpg.jpg 1 67 46 367 357
n02095570_4846.jpg.jpg 1 326 132 317 310
n02095570_5038.jpg.jpg 1 322 257 208 222
n02095570_510.jpg.jpg 1 176 202 193 213
n02095570_5159.jpg.jpg 1 280 156 190 203
n02095570_563.jpg.jpg 1 111 181 190 213
n02095570_5761.jpg.jpg 1 243 26 262 264
n02095570_5796.jpg.jpg 1 16 43 213 230
n02095570_5800.jpg.jpg 1 249 33 247 270
n02095570_6171.jpg.jpg 1 165 180 148 145
n02095570_6176.jpg.jpg 1 260 163 168 167
n02095570_6390.jpg.jpg 1 180 197 118 128
n02095570_6471.jpg.jpg 1 188 19 211 231
n02095570_838.jpg.jpg 1 214 136 224 247
n02097047_1394.jpg.jpg 1 197 20 397 387
n02097047_14.jpg.jpg 1 196 115 288 295
n02097047_1412.jpg.jpg 1 380 152 255 246
n02097047_1418.jpg.jpg 1 172 117 172 178
n02097047_1443.jpg.jpg 1 204 78 318 333
n02097047_1495.jpg.jpg 1 178 203 249 263
n02097047_1535.jpg.jpg 1 359 22 304 310
n02097047_1545.jpg.jpg 1 127 28 417 440
n02097047_1556.jpg.jpg 1 361 59 199 211
n02097047_1791.jpg.jpg 1 395 102 231 246
n02097047_1917.jpg.jpg 1 227 153 344 348
n02097047_1956.jpg.jpg 1 267 112 140 143
n02097047_2126.jpg.jpg 1 228 17 350 349
n02097047_2146.jpg.jpg 1 160 27 316 317
n02097047_2190.jpg.jpg 1 186 132 146 161
n02097047_2233.jpg.jpg 1 247 29 365 363
n02097047_2289.jpg.jpg 1 112 58 170 183
n02097047_2409.jpg.jpg 1 315 45 223 219
n02097047_2463.jpg.jpg 1 120 153 405 384
n02097047_2470.jpg.jpg 1 172 71 366 354
n02097047_2511.jpg.jpg 1 144 112 520 508
n02097047_2589.jpg.jpg 1 169 77 365 342
n02097047_2596.jpg.jpg 1 326 330 209 214
n02097047_2634.jpg.jpg 1 349 72 144 151
n02097047_271.jpg.jpg 1 238 6 274 259
n02097047_2937.jpg.jpg 1 385 163 137 139
n02097047_3429.jpg.jpg 1 168 114 347 338
n02097047_3534.jpg.jpg 1 222 93 192 174
n02097047_509.jpg.jpg 1 324 86 174 162
n02097047_535.jpg.jpg 1 174 271 296 299
n02097047_6328.jpg.jpg 1 224 167 234 245
n02097047_6567.jpg.jpg 1 211 123 202 196
n02097047_6627.jpg.jpg 1 418 221 208 223
n02097047_674.jpg.jpg 1 365 92 151 143
n02097047_6744.jpg.jpg 1 221 30 228 226
n02097047_6836.jpg.jpg 1 238 340 303 305
n02097047_834.jpg.jpg 1 225 46 241 261
n02097047_946.jpg.jpg 1 239 96 291 297
n02099601_1028.jpg.jpg 1 465 177 222 213
n02099601_1162.jpg.jpg 1 170 104 172 170
n02099601_1249.jpg.jpg 1 208 46 391 419
n02099601_1442.jpg.jpg 1 387 28 263 249
n02099601_1580.jpg.jpg 1 276 135 240 239
n02099601_215.jpg.jpg 1 217 83 212 206
n02099601_2440.jpg.jpg 1 234 128 158 155
n02099601_2691.jpg.jpg 1 47 35 466 445
n02099601_281.jpg.jpg 1 32 276 313 344
n02099601_2994.jpg.jpg 1 232 230 371 367
n02099601_3007.jpg.jpg 1 72 77 386 413
n02099601_304.jpg.jpg 1 64 75 155 143
n02099601_3327.jpg.jpg 1 249 223 325 354
n02099601_3388.jpg.jpg 1 193 56 321 350
n02099601_345.jpg.jpg 1 191 84 146 151
n02099601_3853.jpg.jpg 1 287 206 150 163
n02099601_3869.jpg.jpg 1 135 37 385 379
n02099601_4005.jpg.jpg 1 118 35 487 504
n02099601_447.jpg.jpg 1 184 90 263 279
n02099601_4651.jpg.jpg 1 242 36 238 274
n02099601_473.jpg.jpg 1 95 33 508 520
n02099601_544.jpg.jpg 1 208 61 396 372
n02099601_5544.jpg.jpg 1 250 109 191 184
n02099601_6105.jpg.jpg 1 130 328 216 207
n02099601_6318.jpg.jpg 1 256 196 247 223
n02099601_67.jpg.jpg 1 212 17 466 518
n02099601_70.jpg.jpg 1 93 50 461 401
n02099601_7037.jpg.jpg 1 112 59 445 420
n02099601_704.jpg.jpg 1 363 102 194 207
n02099601_7916.jpg.jpg 1 137 38 449 481
n02099601_8005.jpg.jpg 1 181 44 187 192
n02099601_825.jpg.jpg 1 297 129 148 135
n02099601_9504.jpg.jpg 1 86 86 400 423
n02102318_10178.jpg.jpg 1 142 11 211 216
n02102318_10645.jpg.jpg 1 163 15 354 356
n02102318_10818.jpg.jpg 1 88 24 523 593
n02102318_11573.jpg.jpg 1 308 134 361 364
n02102318_11581.jpg.jpg 1 150 87 365 394
n02102318_11605.jpg.jpg 1 175 141 364 382
n02102318_12053.jpg.jpg 1 449 226 243 271
n02102318_12613.jpg.jpg 1 282 101 268 271
n02102318_12717.jpg.jpg 1 98 18 471 473
n02102318_14794.jpg.jpg 1 243 194 150 150
n02102318_2048.jpg.jpg 1 122 91 374 387
n02102318_239.jpg.jpg 1 201 4 334 290
n02102318_2983.jpg.jpg 1 194 108 182 199
n02102318_3121.jpg.jpg 1 142 219 178 176
n02102318_3269.jpg.jpg 1 282 52 189 180
n02102318_3429.jpg.jpg 1 113 88 552 633
n02102318_3504.jpg.jpg 1 297 15 342 323
n02102318_3658.jpg.jpg 1 287 64 362 398
n02102318_4716.jpg.jpg 1 105 295 507 533
n02102318_4782.jpg.jpg 1 192 143 249 251
n02102318_5690.jpg.jpg 1 244 10 288 309
n02102318_5790.jpg.jpg 1 144 159 262 272
n02102318_6105.jpg.jpg 1 60 36 334 368
n02102318_6225.jpg.jpg 1 233 50 106 107
n02102318_6612.jpg.jpg 1 336 71 216 230
n02102318_7163.jpg.jpg 1 191 59 360 371
n02102318_7327.jpg.jpg 1 318 173 99 107
n02102318_8518.jpg.jpg 1 261 107 195 201
n02102318_89.jpg.jpg 1 137 43 163 177
n02102318_9032.jpg.jpg 1 402 22 302 340
n02102318_9216.jpg.jpg 1 69 99 268 265
n02102318_9250.jpg.jpg 1 107 45 365 398
n02102318_9307.jpg.jpg 1 93 16 404 399
n02105641_10051.jpg.jpg 1 108 73 332 362
n02105641_10100.jpg.jpg 1 115 75 555 610
n02105641_10380.jpg.jpg 1 182 136 333 391
n02105641_1045.jpg.jpg 1 247 32 178 174
n02105641_11253.jpg.jpg 1 271 158 269 274
n02105641_11695.jpg.jpg 1 350 133 170 178
n02105641_11847.jpg.jpg 1 131 102 285 295
n02105641_12297.jpg.jpg 1 206 122 183 194
n02105641_12816.jpg.jpg 1 175 40 270 283
n02105641_1362.jpg.jpg 1 469 101 236 272
n02105641_13779.jpg.jpg 1 422 33 199 212
n02105641_1500.jpg.jpg 1 147 96 153 175
n02105641_1589.jpg.jpg 1 170 83 419 422
n02105641_1740.jpg.jpg 1 233 57 273 314
n02105641_2052.jpg.jpg 1 69 85 634 767
n02105641_24.jpg.jpg 1 210 40 269 264
n02105641_2607.jpg.jpg 1 316 145 126 122
n02105641_3724.jpg.jpg 1 128 109 379 430
n02105641_4268.jpg.jpg 1 184 382 235 227
n02105641_4660.jpg.jpg 1 227 118 405 399
n02105641_4751.jpg.jpg 1 80 467 161 165
n02105641_4975.jpg.jpg 1 225 132 230 217
n02105641_6534.jpg.jpg 1 140 91 224 230
n02105641_7191.jpg.jpg 1 338 314 339 376
n02105641_7898.jpg.jpg 1 304 23 321 347
n02105641_7902.jpg.jpg 1 152 78 378 358
n02105641_8359.jpg.jpg 1 153 98 334 330
n02105641_8610.jpg.jpg 1 20 146 249 241
n02105641_9074.jpg.jpg 1 498 66 163 168
n02105641_9531.jpg.jpg 1 97 134 349 376
n02105641_9780.jpg.jpg 1 342 54 186 186
n02108915_11550.jpg.jpg 1 319 150 150 143
n02108915_1839.jpg.jpg 1 165 119 295 270
n02108915_3557.jpg.jpg 1 113 198 361 363
n02108915_4731.jpg.jpg 1 212 89 279 261
n02108915_553.jpg.jpg 1 127 330 530 539
n02108915_644.jpg.jpg 1 58 93 160 168
n02110958_10.jpg.jpg 1 99 74 365 367
n02110958_11256.jpg.jpg 1 69 111 537 545
n02110958_11732.jpg.jpg 1 209 204 236 226
n02110958_11870.jpg.jpg 1 262 56 236 236
n02110958_11958.jpg.jpg 1 133 114 463 448
n02110958_11977.jpg.jpg 1 475 151 134 150
n02110958_12224.jpg.jpg 1 261 45 208 202
n02110958_12260.jpg.jpg 1 170 48 321 314
n02110958_12275.jpg.jpg 1 341 51 180 161
n02110958_12625.jpg.jpg 1 150 94 197 204
n02110958_12860.jpg.jpg 1 146 68 392 379
n02110958_13002.jpg.jpg 1 144 234 214 214
n02110958_13469.jpg.jpg 1 173 97 180 190
n02110958_14017.jpg.jpg 1 224 169 275 272
n02110958_14111.jpg.jpg 1 105 282 393 362
n02110958_14594.jpg.jpg 1 286 120 138 133
n02110958_14683.jpg.jpg 1 223 22 298 288
n02110958_14711.jpg.jpg 1 111 36 543 536
n02110958_14996.jpg.jpg 1 170 52 320 319
n02110958_15351.jpg.jpg 1 308 155 131 125
n02110958_15527.jpg.jpg 1 256 74 318 272
n02110958_15663.jpg.jpg 1 200 115 397 390
n02110958_15932.jpg.jpg 1 352 308 97 93
n02110958_16434.jpg.jpg 1 172 111 308 326
n02110958_16447.jpg.jpg 1 259 92 233 241
n02110958_2009.jpg.jpg 1 272 28 287 265
n02110958_3795.jpg.jpg 1 308 153 137 146
n02110958_3938.jpg.jpg 1 78 25 570 487
n02110958_4043.jpg.jpg 1 278 181 169 162
n02110958_476.jpg.jpg 1 283 167 99 86
n02110958_481.jpg.jpg 1 106 39 170 179
n02110958_483.jpg.jpg 1 300 182 129 134
n02110958_589.jpg.jpg 1 123 70 249 229
n02110958_609.jpg.jpg 1 180 89 420 413
n02110958_6792.jpg.jpg 1 208 691 224 218
n02110958_7801.jpg.jpg 1 257 70 283 306
n02110958_8513.jpg.jpg 1 275 324 367 384
n02110958_8724.jpg.jpg 1 245 120 238 237
n02110958_8979.jpg.jpg 1 60 62 483 489
n02112018_10129.jpg.jpg 1 201 189 228 243
n02112018_10158.jpg.jpg 1 305 261 314 309
n02112018_10174.jpg.jpg 1 190 29 257 276
n02112018_11071.jpg.jpg 1 247 64 218 213
n02112018_11641.jpg.jpg 1 157 217 253 256
n02112018_12020.jpg.jpg 1 432 166 216 228
n02112018_12137.jpg.jpg 1 311 136 172 178
n02112018_12405.jpg.jpg 1 260 91 100 103
n02112018_12519.jpg.jpg 1 267 139 136 124
n02112018_12586.jpg.jpg 1 303 94 157 176
n02112018_12750.jpg.jpg 1 296 177 123 121
n02112018_12853.jpg.jpg 1 274 141 181 202
n02112018_13581.jpg.jpg 1 270 131 197 191
n02112018_13600.jpg.jpg 1 365 181 105 89
n02112018_13636.jpg.jpg 1 222 205 328 293
n02112018_1380.jpg.jpg 1 98 525 339 334
n02112018_13930.jpg.jpg 1 322 74 137 142
n02112018_14394.jpg.jpg 1 429 201 108 109
n02112018_14468.jpg.jpg 1 195 152 302 327
n02112018_1577.jpg.jpg 1 412 107 180 170
n02112018_1621.jpg.jpg 1 333 60 177 165
n02112018_1929.jpg.jpg 1 364 143 115 121
n02112018_2154.jpg.jpg 1 188 153 244 281
n02112018_2207.jpg.jpg 1 55 224 219 223
n02112018_2218.jpg.jpg 1 156 141 399 377
n02112018_2255.jpg.jpg 1 332 181 105 108
n02112018_2271.jpg.jpg 1 74 156 308 292
n02112018_2314.jpg.jpg 1 199 120 184 166
n02112018_2336.jpg.jpg 1 387 322 85 76
n02112018_2483.jpg.jpg 1 307 61 212 189
n02112018_2614.jpg.jpg 1 410 81 144 142
n02112018_2699.jpg.jpg 1 133 181 421 411
n02112018_2728.jpg.jpg 1 418 515 181 168
n02112018_276.jpg.jpg 1 296 341 248 239
n02112018_2846.jpg.jpg 1 103 98 336 376
n02112018_2931.jpg.jpg 1 379 161 97 110
n02112018_2991.jpg.jpg 1 365 70 126 134
n02112018_3097.jpg.jpg 1 131 99 263 245
n02112018_3126.jpg.jpg 1 328 133 328 371
n02112018_3203.jpg.jpg 1 538 231 57 62
n02112018_3427.jpg.jpg 1 331 470 197 195
n02112018_3494.jpg.jpg 1 208 35 206 202
n02112018_3532.jpg.jpg 1 342 114 147 135
n02112018_3539.jpg.jpg 1 250 54 141 149
n02112018_3599.jpg.jpg 1 196 120 279 295
n02112018_3666.jpg.jpg 1 297 128 134 135
n02112018_3737.jpg.jpg 1 523 90 173 183
n02112018_3812.jpg.jpg 1 266 126 332 347
n02112018_3917.jpg.jpg 1 247 151 211 205
n02112018_4035.jpg.jpg 1 151 267 192 196
n02112018_4148.jpg.jpg 1 152 124 225 229
n02112018_4206.jpg.jpg 1 515 83 187 188
n02112018_4243.jpg.jpg 1 461 279 77 81
n02112018_4245.jpg.jpg 1 290 124 281 287
n02112018_4586.jpg.jpg 1 269 181 133 119
n02112018_4597.jpg.jpg 1 221 128 222 206
n02112018_4813.jpg.jpg 1 169 635 338 303
n02112018_4815.jpg.jpg 1 47 219 203 197
n02112018_4936.jpg.jpg 1 84 111 195 184
n02112018_4958.jpg.jpg 1 201 186 118 109
n02112018_5089.jpg.jpg 1 247 180 209 236
n02112018_5091.jpg.jpg 1 263 209 126 126
n02112018_5094.jpg.jpg 1 175 139 312 291
n02112018_5317.jpg.jpg 1 375 143 126 122
n02112018_541.jpg.jpg 1 158 144 338 335
n02112018_5540.jpg.jpg 1 206 46 237 247
n02112018_5560.jpg.jpg 1 487 92 146 153
n02112018_5700.jpg.jpg 1 250 219 303 284
n02112018_5807.jpg.jpg 1 204 206 120 120
n02112018_5814.jpg.jpg 1 461 55 200 183
n02112018_5840.jpg.jpg 1 337 109 241 225
n02112018_5864.jpg.jpg 1 189 128 185 161
n02112018_5936.jpg.jpg 1 175 150 221 198
n02112018_5961.jpg.jpg 1 263 152 287 286
n02112018_598.jpg.jpg 1 101 128 135 141
n02112018_6110.jpg.jpg 1 390 249 164 152
n02112018_6121.jpg.jpg 1 230 170 165 188
n02112018_6129.jpg.jpg 1 452 90 177 172
n02112018_6159.jpg.jpg 1 197 266 293 256
n02112018_6182.jpg.jpg 1 384 352 116 129
n02112018_6214.jpg.jpg 1 436 148 159 153
n02112018_6227.jpg.jpg 1 241 194 240 233
n02112018_6319.jpg.jpg 1 340 119 260 284
n02112018_6832.jpg.jpg 1 215 172 234 223
n02112018_7157.jpg.jpg 1 291 178 256 267
n02112018_7341.jpg.jpg 1 103 232 278 263
n02112018_7460.jpg.jpg 1 227 180 192 197
n02112018_7552.jpg.jpg 1 323 215 114 104
n02112018_7707.jpg.jpg 1 227 582 208 215
n02112018_7802.jpg.jpg 1 165 87 282 282
n02112018_7880.jpg.jpg 1 245 343 273 280
n02112018_8161.jpg.jpg 1 138 230 394 370
n02112018_8246.jpg.jpg 1 116 140 168 163
n02112018_8745.jpg.jpg 1 74 103 232 257
n02112018_877.jpg.jpg 1 221 29 186 177
n02112018_9263.jpg.jpg 1 296 103 133 131
n02112018_9376.jpg.jpg 1 308 161 182 165
n02112018_9753.jpg.jpg 1 278 142 199 207
n02112018_9791.jpg.jpg 1 318 513 248 233
n02112018_9861.jpg.jpg 1 289 133 254 245
n02112018_9926.jpg.jpg 1 271 91 115 118
n02113624_1008.jpg.jpg 1 164 136 414 421
n02113624_10203.jpg.jpg 1 286 156 273 265
n02113624_1023.jpg.jpg 1 466 178 176 171
n02113624_1050.jpg.jpg 1 197 80 340 340
n02113624_1077.jpg.jpg 1 179 136 338 295
n02113624_1178.jpg.jpg 1 136 57 249 226
n02113624_1220.jpg.jpg 1 200 134 273 259
n02113624_1302.jpg.jpg 1 164 157 285 273
n02113624_1582.jpg.jpg 1 103 88 214 205
n02113624_1596.jpg.jpg 1 163 128 204 185
n02113624_1639.jpg.jpg 1 249 637 347 365
n02113624_166.jpg.jpg 1 238 164 226 212
n02113624_1785.jpg.jpg 1 185 142 215 209
n02113624_1801.jpg.jpg 1 206 244 474 479
n02113624_1832.jpg.jpg 1 426 139 205 196
n02113624_1929.jpg.jpg 1 342 243 70 65
n02113624_2019.jpg.jpg 1 191 80 297 300
n02113624_2223.jpg.jpg 1 236 293 96 90
n02113624_223.jpg.jpg 1 233 70 343 326
n02113624_2240.jpg.jpg 1 321 272 153 153
n02113624_2270.jpg.jpg 1 266 82 256 223
n02113624_2305.jpg.jpg 1 298 198 275 273
n02113624_2308.jpg.jpg 1 51 93 191 201
n02113624_2427.jpg.jpg 1 154 158 243 255
n02113624_2521.jpg.jpg 1 226 73 292 274
n02113624_253.jpg.jpg 1 323 144 98 94
n02113624_2609.jpg.jpg 1 180 318 322 350
n02113624_2727.jpg.jpg 1 206 111 298 306
n02113624_2785.jpg.jpg 1 201 149 276 271
n02113624_288.jpg.jpg 1 322 93 314 315
n02113624_2908.jpg.jpg 1 223 115 252 266
n02113624_3103.jpg.jpg 1 233 94 257 256
n02113624_3165.jpg.jpg 1 177 123 397 409
n02113624_320.jpg.jpg 1 121 182 172 176
n02113624_3297.jpg.jpg 1 145 17 206 189
n02113624_3341.jpg.jpg 1 421 105 223 189
n02113624_3624.jpg.jpg 1 301 562 171 146
n02113624_3639.jpg.jpg 1 280 89 241 240
n02113624_367.jpg.jpg 1 129 683 290 286
n02113624_3691.jpg.jpg 1 191 516 226 234
n02113624_3714.jpg.jpg 1 120 149 477 462
n02113624_3796.jpg.jpg 1 273 86 286 284
n02113624_3960.jpg.jpg 1 72 86 364 340
n02113624_429.jpg.jpg 1 323 178 267 268
n02113624_454.jpg.jpg 1 254 98 331 348
n02113624_4589.jpg.jpg 1 328 175 202 208
n02113624_479.jpg.jpg 1 226 135 298 291
n02113624_528.jpg.jpg 1 283 122 108 108
n02113624_530.jpg.jpg 1 360 79 198 198
n02113624_5367.jpg.jpg 1 285 158 205 187
n02113624_5386.jpg.jpg 1 217 48 237 223
n02113624_5459.jpg.jpg 1 180 137 260 241
n02113624_5523.jpg.jpg 1 257 78 202 196
n02113624_5584.jpg.jpg 1 380 36 250 243
n02113624_5659.jpg.jpg 1 154 207 351 349
n02113624_5723.jpg.jpg 1 214 147 321 331
n02113624_6060.jpg.jpg 1 172 157 244 242
n02113624_6230.jpg.jpg 1 221 92 396 400
n02113624_6248.jpg.jpg 1 73 80 260 231
n02113624_629.jpg.jpg 1 146 142 403 386
n02113624_6456.jpg.jpg 1 291 100 277 253
n02113624_6587.jpg.jpg 1 275 102 187 207
n02113624_665.jpg.jpg 1 165 149 379 396
n02113624_6813.jpg.jpg 1 257 82 316 358
n02113624_6868.jpg.jpg 1 300 131 138 134
n02113624_6921.jpg.jpg 1 168 119 223 204
n02113624_70.jpg.jpg 1 267 106 296 290
n02113624_7448.jpg.jpg 1 173 156 350 317
n02113624_7504.jpg.jpg 1 243 307 287 279
n02113624_764.jpg.jpg 1 195 114 273 259
n02113624_7888.jpg.jpg 1 168 69 439 424
n02113624_7997.jpg.jpg 1 281 46 229 224
n02113624_8444.jpg.jpg 1 128 77 410 364
n02113624_876.jpg.jpg 1 170 77 257 264
n02113624_8880.jpg.jpg 1 200 221 295 273
n02113624_9105.jpg.jpg 1 218 64 275 259
n02113624_9199.jpg.jpg 1 215 80 372 353
n02113624_952.jpg.jpg 1 44 263 440 439
n02113624_9550.jpg.jpg 1 161 136 131 129
n02113624_9574.jpg.jpg 1 339 114 184 198
n02113624_9828.jpg.jpg 1 143 217 219 227
n02085620_10131.jpg.jpg 1 192 156 298 294
